0.01932
0.01932
0.01932
0.01932
0.01932
0.01932
0.01932
0.01932
0.01932
0.01932
0.01932
0.01932
0.01932
0.01932
0.01932
0.01932
0.01932
0.01932
0.01932
0.01932
0.01932
0.01932
0.01932
0.01932
0.01932
0.01932
0.01932
0.01932
0.01932
0.01932
0.01932
0.01932
0.01932
0.01932
0.01932
0.01932
0.01932
0.01932
0.01932
0.01932
0.01932
0.01932
0.01932
0.01932
0.01932
0.01932
0.01932
0.01932
0.01932
0.01932
0.01932
0.01932
0.01932
0.01932
0.01932
0.01932
0.01932
0.01932
0.01932
0.01932
0.01932
0.01932
0.01932
0.01932
0.01932
0.01932
0.01932
0.01932
0.01932
0.01932
0.01932
0.01932
0.01932
0.01932
0.01932
0.01932
0.01932
0.01932
0.01932
0.01932
0.01932
0.01932
0.01932
0.01932
0.01932
0.01932
0.01932
0.01932
0.01932
0.01932
0.01932
0.01932
0.01932
0.01932
0.01932
0.01932
0.01932
0.01932
0.01932
0.01932
0.01932
0.01932
0.01932
0.01932
0.01932
0.01932
0.01932
0.01932
0.01932
0.01932
0.01932
0.01932
0.01932
0.01932
0.01932
0.01932
0.01932
0.01932
0.01932
0.01932
0.01932
0.01932
0.01932
0.01932
0.01932
0.01932
0.01932
0.01932
0.01932
0.01932
0.01932
0.01932
0.01932
0.01932
0.01932
0.01932
0.01932
0.01932
0.01932
0.01932
0.01932
0.01932
0.01931
0.01931
0.01931
0.01931
0.01931
0.01931
0.01931
0.01931
0.01931
0.01931
0.01931
0.01931
0.01931
0.01931
0.01931
0.01931
0.01931
0.01931
0.01931
0.01931
0.01931
0.01931
0.01931
0.01931
0.01931
0.01931
0.01931
0.01931
0.01931
0.01931
0.01931
0.01931
0.01931
0.01931
0.01931
0.01931
0.01931
0.01931
0.01931
0.01931
0.01931
0.01931
0.01931
0.01931
0.01931
0.01931
0.01931
0.01931
0.01931
0.01931
0.01931
0.01931
0.01931
0.01931
0.01931
0.01931
0.01931
0.01931
0.01931
0.01931
0.01931
0.01931
0.01931
0.01931
0.01931
0.01931
0.01931
0.01931
0.01931
0.01931
0.01931
0.01931
0.01931
0.01931
0.01931
0.01931
0.01931
0.01931
0.01931
0.01931
0.01931
0.01931
0.01931
0.01931
0.01931
0.01931
0.01931
0.01931
0.01931
0.01931
0.01931
0.01931
0.01931
0.01931
0.01931
0.01931
0.01931
0.01931
0.01931
0.01931
0.01931
0.01931
0.01931
0.01931
0.01931
0.01931
0.01931
0.01931
0.01931
0.01931
0.01931
0.01931
0.01931
0.01931
0.01931
0.01931
0.01931
0.01931
0.01931
0.01931
0.01931
0.01931
0.01931
0.01931
0.01931
0.01931
0.01931
0.01931
0.01931
0.01931
0.01931
0.01931
0.01931
0.01931
0.01931
0.01931
0.01931
0.01931
0.01931
0.01931
0.01931
0.01931
0.01931
0.01931
0.01931
0.01931
0.01931
0.01931
0.01931
0.01931
0.01931
0.01931
0.01931
0.01931
0.01931
0.01931
0.01931
0.01931
0.01931
0.01931
0.01931
0.01930
0.01930
0.01930
0.01930
0.01930
0.01930
0.01930
0.01930
0.01930
0.01930
0.01930
0.01930
0.01930
0.01930
0.01930
0.01930
0.01930
0.01930
0.01930
0.01930
0.01930
0.01930
0.01930
0.01930
0.01930
0.01930
0.01930
0.01930
0.01930
0.01930
0.01930
0.01930
0.01930
0.01930
0.01930
0.01930
0.01930
0.01930
0.01930
0.01930
0.01930
0.01930
0.01930
0.01930
0.01930
0.01930
0.01930
0.01930
0.01930
0.01930
0.01930
0.01930
0.01930
0.01930
0.01930
0.01930
0.01930
0.01930
0.01930
0.01930
0.01930
0.01930
0.01930
0.01930
0.01930
0.01930
0.01930
0.01930
0.01930
0.01930
0.01930
0.01930
0.01930
0.01930
0.01930
0.01930
0.01930
0.01930
0.01930
0.01930
0.01930
0.01930
0.01930
0.01930
0.01930
0.01930
0.01930
0.01930
0.01930
0.01930
0.01930
0.01930
0.01930
0.01930
0.01930
0.01930
0.01930
0.01930
0.01930
0.01930
0.01930
0.01930
0.01930
0.01930
0.01930
0.01930
0.01930
0.01930
0.01930
0.01930
0.01930
0.01930
0.01930
0.01930
0.01930
0.01930
0.01930
0.01930
0.01930
0.01930
0.01930
0.01930
0.01930
0.01930
0.01930
0.01930
0.01930
0.01930
0.01930
0.01930
0.01930
0.01930
0.01930
0.01930
0.01930
0.01930
0.01930
0.01930
0.01930
0.01930
0.01930
0.01930
0.01930
0.01930
0.01930
0.01930
0.01930
0.01930
0.01930
0.01930
0.01930
0.01929
0.01929
0.01929
0.01929
0.01929
0.01929
0.01929
0.01929
0.01929
0.01929
0.01929
0.01929
0.01929
0.01929
0.01929
0.01929
0.01929
0.01929
0.01929
0.01929
0.01929
0.01929
0.01929
0.01929
0.01929
0.01929
0.01929
0.01929
0.01929
0.01929
0.01929
0.01929
0.01929
0.01929
0.01929
0.01929
0.01929
0.01929
0.01929
0.01929
0.01929
0.01929
0.01929
0.01929
0.01929
0.01929
0.01929
0.01929
0.01929
0.01929
0.01929
0.01929
0.01929
0.01929
0.01929
0.01929
0.01929
0.01929
0.01929
0.01929
0.01929
0.01929
0.01929
0.01929
0.01929
0.01929
0.01929
0.01929
0.01929
0.01929
0.01928
0.01928
0.01928
0.01928
0.01928
0.01928
0.01928
0.01928
0.01928
0.01928
0.01928
0.01928
0.01928
0.01928
0.01928
0.01928
0.01928
0.01928
0.01928
0.01928
0.01928
0.01928
0.01928
0.01928
0.01928
0.01928
0.01928
0.01928
0.01928
0.01928
0.01928
0.01928
0.01928
0.01927
0.01927
0.01927
0.01927
0.01927
0.01927
0.01927
0.01927
0.01927
0.01927
0.01927
0.01927
0.01927
0.01927
0.01927
0.01927
0.01927
0.01927
0.01927
0.01927
0.01927
0.01927
0.01927
0.01927
0.01927
0.01927
0.01926
0.01926
0.01926
0.01926
0.01926
0.01926
0.01926
0.01926
0.01926
0.01926
0.01926
0.01926
0.01926
0.01926
0.01926
0.01926
0.01926
0.01926
0.01926
0.01926
0.01926
0.01925
0.01925
0.01925
0.01925
0.01925
0.01925
0.01925
0.01925
0.01925
0.01925
0.01925
0.01925
0.01925
0.01925
0.01925
0.01925
0.01925
0.01925
0.01925
0.01925
0.01924
0.01924
0.01924
0.01924
0.01924
0.01924
0.01924
0.01924
0.01924
0.01924
0.01924
0.01924
0.01924
0.01924
0.01924
0.01924
0.01924
0.01924
0.01924
0.01923
0.01923
0.01923
0.01923
0.01923
0.01923
0.01923
0.01923
0.01923
0.01923
0.01923
0.01923
0.01923
0.01923
0.01923
0.01923
0.01923
0.01922
0.01922
0.01922
0.01922
0.01922
0.01922
0.01922
0.01922
0.01922
0.01922
0.01922
0.01922
0.01922
0.01922
0.01922
0.01922
0.01922
0.01921
0.01921
0.01921
0.01921
0.01921
0.01921
0.01921
0.01921
0.01921
0.01921
0.01921
0.01921
0.01921
0.01921
0.01921
0.01921
0.01921
0.01920
0.01920
0.01920
0.01920
0.01920
0.01920
0.01920
0.01920
0.01920
0.01920
0.01920
0.01920
0.01920
0.01920
0.01920
0.01920
0.01919
0.01919
0.01919
0.01919
0.01919
0.01919
0.01919
0.01919
0.01919
0.01919
0.01919
0.01919
0.01919
0.01919
0.01919
0.01918
0.01918
0.01918
0.01918
0.01918
0.01918
0.01918
0.01918
0.01918
0.01918
0.01918
0.01918
0.01918
0.01918
0.01918
0.01918
0.01917
0.01917
0.01917
0.01917
0.01917
0.01917
0.01917
0.01917
0.01917
0.01917
0.01917
0.01917
0.01917
0.01917
0.01917
0.01916
0.01916
0.01916
0.01916
0.01916
0.01916
0.01916
0.01916
0.01916
0.01916
0.01916
0.01916
0.01916
0.01916
0.01915
0.01915
0.01915
0.01915
0.01915
0.01915
0.01915
0.01915
0.01915
0.01915
0.01915
0.01915
0.01915
0.01915
0.01915
0.01914
0.01914
0.01914
0.01914
0.01914
0.01914
0.01914
0.01914
0.01914
0.01914
0.01914
0.01914
0.01914
0.01914
0.01913
0.01913
0.01913
0.01913
0.01913
0.01913
0.01913
0.01913
0.01913
0.01913
0.01913
0.01913
0.01913
0.01913
0.01913
0.01912
0.01912
0.01912
0.01912
0.01912
0.01912
0.01912
0.01912
0.01912
0.01912
0.01912
0.01912
0.01912
0.01912
0.01911
0.01911
0.01911
0.01911
0.01911
0.01911
0.01911
0.01911
0.01911
0.01911
0.01911
0.01911
0.01911
0.01911
0.01910
0.01910
0.01910
0.01910
0.01910
0.01910
0.01910
0.01910
0.01910
0.01910
0.01910
0.01910
0.01910
0.01910
0.01909
0.01909
0.01909
0.01909
0.01909
0.01909
0.01909
0.01909
0.01909
0.01909
0.01909
0.01909
0.01909
0.01909
0.01908
0.01908
0.01908
0.01908
0.01908
0.01908
0.01908
0.01908
0.01908
0.01908
0.01908
0.01908
0.01908
0.01908
0.01907
0.01907
0.01907
0.01907
0.01907
0.01907
0.01907
0.01907
0.01907
0.01907
0.01907
0.01907
0.01907
0.01906
0.01906
0.01906
0.01906
0.01906
0.01906
0.01906
0.01906
0.01906
0.01906
0.01906
0.01906
0.01906
0.01906
0.01905
0.01905
0.01905
0.01905
0.01905
0.01905
0.01905
0.01905
0.01905
0.01905
0.01905
0.01905
0.01905
0.01905
0.01904
0.01904
0.01904
0.01904
0.01904
0.01904
0.01904
0.01904
0.01904
0.01904
0.01904
0.01904
0.01904
0.01903
0.01903
0.01903
0.01903
0.01903
0.01903
0.01903
0.01903
0.01903
0.01903
0.01903
0.01903
0.01903
0.01903
0.01902
0.01902
0.01902
0.01902
0.01902
0.01902
0.01902
0.01902
0.01902
0.01902
0.01902
0.01902
0.01902
0.01901
0.01901
0.01901
0.01901
0.01901
0.01901
0.01901
0.01901
0.01901
0.01901
0.01901
0.01901
0.01901
0.01901
0.01900
0.01900
0.01900
0.01900
0.01900
0.01900
0.01900
0.01900
0.01900
0.01900
0.01900
0.01900
0.01900
0.01899
0.01899
0.01899
0.01899
0.01899
0.01899
0.01899
0.01899
0.01899
0.01899
0.01899
0.01899
0.01899
0.01898
0.01898
0.01898
0.01898
0.01898
0.01898
0.01898
0.01898
0.01898
0.01898
0.01898
0.01898
0.01898
0.01898
0.01897
0.01897
0.01897
0.01897
0.01897
0.01897
0.01897
0.01897
0.01897
0.01897
0.01897
0.01897
0.01897
0.01896
0.01896
0.01896
0.01896
0.01896
0.01896
0.01896
0.01896
0.01896
0.01896
0.01896
0.01896
0.01896
0.01895
0.01895
0.01895
0.01895
0.01895
0.01895
0.01895
0.01895
0.01895
0.01895
0.01895
0.01895
0.01895
0.01895
0.01894
0.01894
0.01894
0.01894
0.01894
0.01894
0.01894
0.01894
0.01894
0.01894
0.01894
0.01894
0.01894
0.01893
0.01893
0.01893
0.01893
0.01893
0.01893
0.01893
0.01893
0.01893
0.01893
0.01893
0.01893
0.01893
0.01892
0.01892
0.01892
0.01892
0.01892
0.01892
0.01892
0.01892
0.01892
0.01892
0.01892
0.01892
0.01892
0.01891
0.01891
0.01891
0.01891
0.01891
0.01891
0.01891
0.01891
0.01891
0.01891
0.01891
0.01891
0.01891
0.01890
0.01890
0.01890
0.01890
0.01890
0.01890
0.01890
0.01890
0.01890
0.01890
0.01890
0.01890
0.01890
0.01889
0.01889
0.01889
0.01889
0.01889
0.01889
0.01889
0.01889
0.01889
0.01889
0.01889
0.01889
0.01889
0.01889
0.01888
0.01888
0.01888
0.01888
0.01888
0.01888
0.01888
0.01888
0.01888
0.01888
0.01888
0.01888
0.01888
0.01887
0.01887
0.01887
0.01887
0.01887
0.01887
0.01887
0.01887
0.01887
0.01887
0.01887
0.01887
0.01887
0.01886
0.01886
0.01886
0.01886
0.01886
0.01886
0.01886
0.01886
0.01886
0.01886
0.01886
0.01886
0.01886
0.01885
0.01885
0.01885
0.01885
0.01885
0.01885
0.01885
0.01885
0.01885
0.01885
0.01885
0.01885
0.01885
0.01884
0.01884
0.01884
0.01884
0.01884
0.01884
0.01884
0.01884
0.01884
0.01884
0.01884
0.01884
0.01884
0.01883
0.01883
0.01883
0.01883
0.01883
0.01883
0.01883
0.01883
0.01883
0.01883
0.01883
0.01883
0.01883
0.01882
0.01882
0.01882
0.01882
0.01882
0.01882
0.01882
0.01882
0.01882
0.01882
0.01882
0.01882
0.01882
0.01881
0.01881
0.01881
0.01881
0.01881
0.01881
0.01881
0.01881
0.01881
0.01881
0.01881
0.01881
0.01881
0.01880
0.01880
0.01880
0.01880
0.01880
0.01880
0.01880
0.01880
0.01880
0.01880
0.01880
0.01880
0.01880
0.01879
0.01879
0.01879
0.01879
0.01879
0.01879
0.01879
0.01879
0.01879
0.01879
0.01879
0.01879
0.01878
0.01878
0.01878
0.01878
0.01878
0.01878
0.01878
0.01878
0.01878
0.01878
0.01878
0.01878
0.01878
0.01877
0.01877
0.01877
0.01877
0.01877
0.01877
0.01877
0.01877
0.01877
0.01877
0.01877
0.01877
0.01877
0.01876
0.01876
0.01876
0.01876
0.01876
0.01876
0.01876
0.01876
0.01876
0.01876
0.01876
0.01876
0.01876
0.01875
0.01875
0.01875
0.01875
0.01875
0.01875
0.01875
0.01875
0.01875
0.01875
0.01875
0.01875
0.01875
0.01874
0.01874
0.01874
0.01874
0.01874
0.01874
0.01874
0.01874
0.01874
0.01874
0.01874
0.01874
0.01873
0.01873
0.01873
0.01873
0.01873
0.01873
0.01873
0.01873
0.01873
0.01873
0.01873
0.01873
0.01873
0.01872
0.01872
0.01872
0.01872
0.01872
0.01872
0.01872
0.01872
0.01872
0.01872
0.01872
0.01872
0.01871
0.01871
0.01871
0.01871
0.01871
0.01871
0.01871
0.01871
0.01871
0.01871
0.01871
0.01871
0.01870
0.01870
0.01870
0.01870
0.01870
0.01870
0.01870
0.01870
0.01870
0.01870
0.01870
0.01870
0.01869
0.01869
0.01869
0.01869
0.01869
0.01869
0.01869
0.01869
0.01869
0.01869
0.01869
0.01869
0.01868
0.01868
0.01868
0.01868
0.01868
0.01868
0.01868
0.01868
0.01868
0.01868
0.01868
0.01868
0.01867
0.01867
0.01867
0.01867
0.01867
0.01867
0.01867
0.01867
0.01867
0.01867
0.01867
0.01866
0.01866
0.01866
0.01866
0.01866
0.01866
0.01866
0.01866
0.01866
0.01866
0.01866
0.01865
0.01865
0.01865
0.01865
0.01865
0.01865
0.01865
0.01865
0.01865
0.01865
0.01865
0.01864
0.01864
0.01864
0.01864
0.01864
0.01864
0.01864
0.01864
0.01864
0.01864
0.01864
0.01863
0.01863
0.01863
0.01863
0.01863
0.01863
0.01863
0.01863
0.01863
0.01863
0.01862
0.01862
0.01862
0.01862
0.01862
0.01862
0.01862
0.01862
0.01862
0.01861
0.01861
0.01861
0.01861
0.01861
0.01861
0.01861
0.01861
0.01861
0.01860
0.01860
0.01860
0.01860
0.01860
0.01860
0.01860
0.01860
0.01860
0.01859
0.01859
0.01859
0.01859
0.01859
0.01859
0.01859
0.01859
0.01859
0.01858
0.01858
0.01858
0.01858
0.01858
0.01858
0.01858
0.01857
0.01857
0.01857
0.01857
0.01857
0.01857
0.01857
0.01857
0.01856
0.01856
0.01856
0.01856
0.01856
0.01856
0.01856
0.01855
0.01855
0.01855
0.01855
0.01855
0.01855
0.01855
0.01854
0.01854
0.01854
0.01854
0.01854
0.01854
0.01853
0.01853
0.01853
0.01853
0.01853
0.01853
0.01852
0.01852
0.01852
0.01852
0.01852
0.01852
0.01851
0.01851
0.01851
0.01851
0.01851
0.01850
0.01850
0.01850
0.01850
0.01850
0.01850
0.01849
0.01849
0.01849
0.01849
0.01848
0.01848
0.01848
0.01848
0.01848
0.01847
0.01847
0.01847
0.01847
0.01847
0.01846
0.01846
0.01846
0.01846
0.01845
0.01845
0.01845
0.01845
0.01844
0.01844
0.01844
0.01844
0.01843
0.01843
0.01843
0.01842
0.01842
0.01842
0.01842
0.01841
0.01841
0.01841
0.01840
0.01840
0.01840
0.01839
0.01839
0.01839
0.01839
0.01838
0.01838
0.01838
0.01837
0.01837
0.01836
0.01836
0.01836
0.01835
0.01835
0.01835
0.01834
0.01834
0.01833
0.01833
0.01833
0.01832
0.01832
0.01831
0.01831
0.01831
0.01830
0.01830
0.01829
0.01829
0.01828
0.01828
0.01827
0.01827
0.01826
0.01826
0.01825
0.01825
0.01824
0.01824
0.01823
0.01823
0.01822
0.01822
0.01821
0.01821
0.01820
0.01819
0.01819
0.01818
0.01818
0.01817
0.01816
0.01816
0.01815
0.01814
0.01814
0.01813
0.01812
0.01812
0.01811
0.01810
0.01810
0.01809
0.01808
0.01807
0.01807
0.01806
0.01805
0.01804
0.01803
0.01802
0.01802
0.01801
0.01800
0.01799
0.01798
0.01797
0.01796
0.01795
0.01794
0.01793
0.01792
0.01791
0.01790
0.01789
0.01788
0.01787
0.01786
0.01785
0.01784
0.01783
0.01781
0.01780
0.01779
0.01778
0.01777
0.01775
0.01774
0.01773
0.01771
0.01770
0.01769
0.01767
0.01766
0.01764
0.01763
0.01762
0.01760
0.01758
0.01757
0.01755
0.01754
0.01752
0.01750
0.01749
0.01747
0.01745
0.01744
0.01742
0.01740
0.01738
0.01736
0.01734
0.01732
0.01730
0.01728
0.01726
0.01724
0.01722
0.01720
0.01718
0.01716
0.01713
0.01711
0.01709
0.01706
0.01704
0.01702
0.01699
0.01697
0.01694
0.01691
0.01689
0.01686
0.01683
0.01681
0.01678
0.01675
0.01672
0.01669
0.01666
0.01663
0.01660
0.01657
0.01654
0.01651
0.01647
0.01644
0.01641
0.01637
0.01634
0.01630
0.01627
0.01623
0.01619
0.01616
0.01612
0.01608
0.01604
0.01600
0.01596
0.01592
0.01588
0.01584
0.01579
0.01575
0.01571
0.01566
0.01562
0.01557
0.01553
0.01548
0.01543
0.01538
0.01533
0.01528
0.01523
0.01518
0.01513
0.01508
0.01502
0.01497
0.01492
0.01486
0.01480
0.01475
0.01469
0.01463
0.01457
0.01451
0.01445
0.01439
0.01433
0.01426
0.01420
0.01414
0.01407
0.01400
0.01394
0.01387
0.01380
0.01373
0.01366
0.01359
0.01352
0.01345
0.01337
0.01330
0.01322
0.01314
0.01307
0.01299
0.01291
0.01283
0.01275
0.01267
0.01259
0.01250
0.01242
0.01233
0.01225
0.01216
0.01207
0.01198
0.01189
0.01180
0.01171
0.01162
0.01152
0.01143
0.01133
0.01124
0.01114
0.01104
0.01094
0.01084
0.01074
0.01064
0.01054
0.01043
0.01033
0.01022
0.01011
0.01001
0.00990
0.00979
0.00968
0.00956
0.00945
0.00934
0.00922
0.00911
0.00899
0.00887
0.00876
0.00864
0.00852
0.00839
0.00827
0.00815
0.00802
0.00790
0.00777
0.00764
0.00752
0.00739
0.00726
0.00713
0.00699
0.00686
0.00673
0.00659
0.00646
0.00632
0.00618
0.00604
0.00590
0.00576
0.00562
0.00548
0.00533
0.00519
0.00504
0.00490
0.00475
0.00460
0.00445
0.00430
0.00415
0.00400
0.00385
0.00369
0.00354
0.00338
0.00323
0.00307
0.00291
0.00275
0.00259
0.00243
0.00227
0.00211
0.00195
0.00178
0.00162
0.00145
0.00128
0.00112
0.00095
0.00078
0.00061
0.00044
0.00026
0.00009
-0.00008
-0.00026
-0.00043
-0.00061
-0.00079
-0.00096
-0.00114
-0.00132
-0.00150
-0.00168
-0.00186
-0.00205
-0.00223
-0.00241
-0.00260
-0.00279
-0.00297
-0.00316
-0.00335
-0.00354
-0.00372
-0.00392
-0.00411
-0.00430
-0.00449
-0.00468
-0.00488
-0.00507
-0.00527
-0.00546
-0.00566
-0.00586
-0.00606
-0.00626
-0.00645
-0.00665
-0.00686
-0.00706
-0.00726
-0.00746
-0.00767
-0.00787
-0.00808
-0.00828
-0.00849
-0.00870
-0.00890
-0.00911
-0.00932
-0.00953
-0.00974
-0.00995
-0.01016
-0.01037
-0.01059
-0.01080
-0.01101
-0.01123
-0.01144
-0.01166
-0.01188
-0.01209
-0.01231
-0.01253
-0.01275
-0.01297
-0.01319
-0.01341
-0.01363
-0.01385
-0.01407
-0.01430
-0.01452
-0.01474
-0.01497
-0.01519
-0.01542
-0.01564
-0.01587
-0.01610
-0.01632
-0.01655
-0.01678
-0.01701
-0.01724
-0.01747