0.01932
0.01932
0.01932
0.01932
0.01932
0.01932
0.01932
0.01932
0.01932
0.01932
0.01932
0.01932
0.01932
0.01932
0.01932
0.01932
0.01932
0.01932
0.01932
0.01932
0.01932
0.01932
0.01932
0.01932
0.01932
0.01932
0.01932
0.01932
0.01932
0.01932
0.01932
0.01932
0.01932
0.01932
0.01932
0.01932
0.01932
0.01932
0.01932
0.01932
0.01932
0.01932
0.01932
0.01932
0.01932
0.01932
0.01932
0.01932
0.01932
0.01932
0.01932
0.01932
0.01932
0.01932
0.01932
0.01932
0.01932
0.01932
0.01932
0.01932
0.01932
0.01932
0.01932
0.01932
0.01932
0.01932
0.01932
0.01932
0.01932
0.01932
0.01932
0.01932
0.01932
0.01932
0.01932
0.01932
0.01932
0.01932
0.01932
0.01932
0.01932
0.01932
0.01932
0.01932
0.01932
0.01932
0.01932
0.01932
0.01932
0.01932
0.01932
0.01932
0.01932
0.01932
0.01932
0.01932
0.01932
0.01932
0.01932
0.01932
0.01932
0.01932
0.01932
0.01932
0.01932
0.01932
0.01932
0.01932
0.01932
0.01932
0.01932
0.01932
0.01932
0.01932
0.01932
0.01932
0.01932
0.01932
0.01932
0.01932
0.01932
0.01932
0.01932
0.01932
0.01932
0.01932
0.01932
0.01932
0.01932
0.01932
0.01931
0.01931
0.01931
0.01931
0.01931
0.01931
0.01931
0.01931
0.01931
0.01931
0.01931
0.01931
0.01931
0.01931
0.01931
0.01931
0.01931
0.01931
0.01931
0.01931
0.01931
0.01931
0.01931
0.01931
0.01931
0.01931
0.01931
0.01931
0.01931
0.01931
0.01931
0.01931
0.01931
0.01931
0.01931
0.01931
0.01931
0.01931
0.01931
0.01931
0.01931
0.01931
0.01931
0.01931
0.01931
0.01931
0.01931
0.01931
0.01931
0.01931
0.01931
0.01931
0.01931
0.01931
0.01931
0.01931
0.01931
0.01931
0.01931
0.01931
0.01931
0.01931
0.01931
0.01931
0.01931
0.01931
0.01931
0.01931
0.01931
0.01931
0.01931
0.01931
0.01931
0.01931
0.01931
0.01931
0.01931
0.01931
0.01931
0.01931
0.01931
0.01931
0.01931
0.01931
0.01931
0.01931
0.01931
0.01931
0.01931
0.01931
0.01931
0.01931
0.01931
0.01931
0.01931
0.01931
0.01931
0.01931
0.01931
0.01931
0.01931
0.01931
0.01931
0.01931
0.01931
0.01931
0.01931
0.01931
0.01931
0.01931
0.01931
0.01931
0.01931
0.01931
0.01931
0.01931
0.01931
0.01931
0.01931
0.01931
0.01931
0.01931
0.01931
0.01931
0.01931
0.01931
0.01931
0.01931
0.01931
0.01931
0.01931
0.01931
0.01931
0.01931
0.01931
0.01931
0.01931
0.01931
0.01931
0.01931
0.01931
0.01931
0.01931
0.01931
0.01931
0.01931
0.01931
0.01931
0.01931
0.01931
0.01931
0.01930
0.01930
0.01930
0.01930
0.01930
0.01930
0.01930
0.01930
0.01930
0.01930
0.01930
0.01930
0.01930
0.01930
0.01930
0.01930
0.01930
0.01930
0.01930
0.01930
0.01930
0.01930
0.01930
0.01930
0.01930
0.01930
0.01930
0.01930
0.01930
0.01930
0.01930
0.01930
0.01930
0.01930
0.01930
0.01930
0.01930
0.01930
0.01930
0.01930
0.01930
0.01930
0.01930
0.01930
0.01930
0.01930
0.01930
0.01930
0.01930
0.01930
0.01930
0.01930
0.01930
0.01930
0.01930
0.01930
0.01930
0.01930
0.01930
0.01930
0.01930
0.01930
0.01930
0.01930
0.01930
0.01930
0.01930
0.01930
0.01930
0.01930
0.01930
0.01930
0.01930
0.01930
0.01930
0.01930
0.01930
0.01930
0.01930
0.01930
0.01930
0.01930
0.01930
0.01930
0.01930
0.01930
0.01930
0.01930
0.01930
0.01930
0.01930
0.01930
0.01930
0.01930
0.01930
0.01930
0.01930
0.01930
0.01930
0.01930
0.01930
0.01930
0.01930
0.01930
0.01930
0.01930
0.01930
0.01930
0.01930
0.01930
0.01930
0.01930
0.01930
0.01930
0.01930
0.01930
0.01930
0.01930
0.01930
0.01930
0.01930
0.01930
0.01930
0.01930
0.01930
0.01930
0.01930
0.01930
0.01930
0.01930
0.01930
0.01930
0.01930
0.01930
0.01930
0.01930
0.01930
0.01930
0.01930
0.01930
0.01930
0.01930
0.01930
0.01930
0.01930
0.01929
0.01929
0.01929
0.01929
0.01929
0.01929
0.01929
0.01929
0.01929
0.01929
0.01929
0.01929
0.01929
0.01929
0.01929
0.01929
0.01929
0.01929
0.01929
0.01929
0.01929
0.01929
0.01929
0.01929
0.01929
0.01929
0.01929
0.01929
0.01929
0.01929
0.01929
0.01929
0.01929
0.01929
0.01929
0.01929
0.01929
0.01929
0.01929
0.01929
0.01929
0.01929
0.01929
0.01929
0.01929
0.01929
0.01929
0.01929
0.01929
0.01929
0.01929
0.01929
0.01929
0.01929
0.01929
0.01929
0.01929
0.01929
0.01929
0.01929
0.01929
0.01929
0.01929
0.01929
0.01929
0.01929
0.01929
0.01929
0.01929
0.01929
0.01929
0.01929
0.01928
0.01928
0.01928
0.01928
0.01928
0.01928
0.01928
0.01928
0.01928
0.01928
0.01928
0.01928
0.01928
0.01928
0.01928
0.01928
0.01928
0.01928
0.01928
0.01928
0.01928
0.01928
0.01928
0.01928
0.01928
0.01928
0.01928
0.01928
0.01928
0.01928
0.01927
0.01927
0.01927
0.01927
0.01927
0.01927
0.01927
0.01927
0.01927
0.01927
0.01927
0.01927
0.01927
0.01927
0.01927
0.01927
0.01927
0.01927
0.01927
0.01927
0.01926
0.01926
0.01926
0.01926
0.01926
0.01926
0.01926
0.01926
0.01926
0.01926
0.01926
0.01926
0.01926
0.01926
0.01926
0.01926
0.01925
0.01925
0.01925
0.01925
0.01925
0.01925
0.01925
0.01925
0.01925
0.01925
0.01925
0.01925
0.01925
0.01925
0.01924
0.01924
0.01924
0.01924
0.01924
0.01924
0.01924
0.01924
0.01924
0.01924
0.01924
0.01924
0.01923
0.01923
0.01923
0.01923
0.01923
0.01923
0.01923
0.01923
0.01923
0.01923
0.01923
0.01923
0.01922
0.01922
0.01922
0.01922
0.01922
0.01922
0.01922
0.01922
0.01922
0.01922
0.01922
0.01921
0.01921
0.01921
0.01921
0.01921
0.01921
0.01921
0.01921
0.01921
0.01921
0.01920
0.01920
0.01920
0.01920
0.01920
0.01920
0.01920
0.01920
0.01920
0.01920
0.01920
0.01919
0.01919
0.01919
0.01919
0.01919
0.01919
0.01919
0.01919
0.01919
0.01918
0.01918
0.01918
0.01918
0.01918
0.01918
0.01918
0.01918
0.01918
0.01918
0.01917
0.01917
0.01917
0.01917
0.01917
0.01917
0.01917
0.01917
0.01917
0.01917
0.01916
0.01916
0.01916
0.01916
0.01916
0.01916
0.01916
0.01916
0.01916
0.01915
0.01915
0.01915
0.01915
0.01915
0.01915
0.01915
0.01915
0.01915
0.01914
0.01914
0.01914
0.01914
0.01914
0.01914
0.01914
0.01914
0.01914
0.01913
0.01913
0.01913
0.01913
0.01913
0.01913
0.01913
0.01913
0.01913
0.01912
0.01912
0.01912
0.01912
0.01912
0.01912
0.01912
0.01912
0.01911
0.01911
0.01911
0.01911
0.01911
0.01911
0.01911
0.01911
0.01911
0.01910
0.01910
0.01910
0.01910
0.01910
0.01910
0.01910
0.01910
0.01910
0.01909
0.01909
0.01909
0.01909
0.01909
0.01909
0.01909
0.01909
0.01908
0.01908
0.01908
0.01908
0.01908
0.01908
0.01908
0.01908
0.01907
0.01907
0.01907
0.01907
0.01907
0.01907
0.01907
0.01907
0.01907
0.01906
0.01906
0.01906
0.01906
0.01906
0.01906
0.01906
0.01906
0.01905
0.01905
0.01905
0.01905
0.01905
0.01905
0.01905
0.01905
0.01904
0.01904
0.01904
0.01904
0.01904
0.01904
0.01904
0.01904
0.01903
0.01903
0.01903
0.01903
0.01903
0.01903
0.01903
0.01903
0.01902
0.01902
0.01902
0.01902
0.01902
0.01902
0.01902
0.01902
0.01901
0.01901
0.01901
0.01901
0.01901
0.01901
0.01901
0.01901
0.01900
0.01900
0.01900
0.01900
0.01900
0.01900
0.01900
0.01900
0.01899
0.01899
0.01899
0.01899
0.01899
0.01899
0.01899
0.01899
0.01898
0.01898
0.01898
0.01898
0.01898
0.01898
0.01898
0.01898
0.01897
0.01897
0.01897
0.01897
0.01897
0.01897
0.01897
0.01897
0.01896
0.01896
0.01896
0.01896
0.01896
0.01896
0.01896
0.01896
0.01895
0.01895
0.01895
0.01895
0.01895
0.01895
0.01895
0.01895
0.01894
0.01894
0.01894
0.01894
0.01894
0.01894
0.01894
0.01894
0.01893
0.01893
0.01893
0.01893
0.01893
0.01893
0.01893
0.01892
0.01892
0.01892
0.01892
0.01892
0.01892
0.01892
0.01892
0.01891
0.01891
0.01891
0.01891
0.01891
0.01891
0.01891
0.01891
0.01890
0.01890
0.01890
0.01890
0.01890
0.01890
0.01890
0.01890
0.01889
0.01889
0.01889
0.01889
0.01889
0.01889
0.01889
0.01888
0.01888
0.01888
0.01888
0.01888
0.01888
0.01888
0.01888
0.01887
0.01887
0.01887
0.01887
0.01887
0.01887
0.01887
0.01887
0.01886
0.01886
0.01886
0.01886
0.01886
0.01886
0.01886
0.01885
0.01885
0.01885
0.01885
0.01885
0.01885
0.01885
0.01885
0.01884
0.01884
0.01884
0.01884
0.01884
0.01884
0.01884
0.01883
0.01883
0.01883
0.01883
0.01883
0.01883
0.01883
0.01883
0.01882
0.01882
0.01882
0.01882
0.01882
0.01882
0.01882
0.01882
0.01881
0.01881
0.01881
0.01881
0.01881
0.01881
0.01881
0.01880
0.01880
0.01880
0.01880
0.01880
0.01880
0.01880
0.01880
0.01879
0.01879
0.01879
0.01879
0.01879
0.01879
0.01879
0.01878
0.01878
0.01878
0.01878
0.01878
0.01878
0.01878
0.01878
0.01877
0.01877
0.01877
0.01877
0.01877
0.01877
0.01877
0.01876
0.01876
0.01876
0.01876
0.01876
0.01876
0.01876
0.01876
0.01875
0.01875
0.01875
0.01875
0.01875
0.01875
0.01875
0.01874
0.01874
0.01874
0.01874
0.01874
0.01874
0.01874
0.01874
0.01873
0.01873
0.01873
0.01873
0.01873
0.01873
0.01873
0.01872
0.01872
0.01872
0.01872
0.01872
0.01872
0.01872
0.01872
0.01871
0.01871
0.01871
0.01871
0.01871
0.01871
0.01871
0.01870
0.01870
0.01870
0.01870
0.01870
0.01870
0.01870
0.01870
0.01869
0.01869
0.01869
0.01869
0.01869
0.01869
0.01869
0.01868
0.01868
0.01868
0.01868
0.01868
0.01868
0.01868
0.01868
0.01867
0.01867
0.01867
0.01867
0.01867
0.01867
0.01867
0.01866
0.01866
0.01866
0.01866
0.01866
0.01866
0.01866
0.01866
0.01865
0.01865
0.01865
0.01865
0.01865
0.01865
0.01865
0.01864
0.01864
0.01864
0.01864
0.01864
0.01864
0.01864
0.01864
0.01863
0.01863
0.01863
0.01863
0.01863
0.01863
0.01863
0.01862
0.01862
0.01862
0.01862
0.01862
0.01862
0.01862
0.01861
0.01861
0.01861
0.01861
0.01861
0.01861
0.01861
0.01861
0.01860
0.01860
0.01860
0.01860
0.01860
0.01860
0.01860
0.01859
0.01859
0.01859
0.01859
0.01859
0.01859
0.01859
0.01859
0.01858
0.01858
0.01858
0.01858
0.01858
0.01858
0.01858
0.01857
0.01857
0.01857
0.01857
0.01857
0.01857
0.01857
0.01856
0.01856
0.01856
0.01856
0.01856
0.01856
0.01856
0.01856
0.01855
0.01855
0.01855
0.01855
0.01855
0.01855
0.01855
0.01854
0.01854
0.01854
0.01854
0.01854
0.01854
0.01854
0.01853
0.01853
0.01853
0.01853
0.01853
0.01853
0.01853
0.01853
0.01852
0.01852
0.01852
0.01852
0.01852
0.01852
0.01852
0.01851
0.01851
0.01851
0.01851
0.01851
0.01851
0.01851
0.01851
0.01850
0.01850
0.01850
0.01850
0.01850
0.01850
0.01850
0.01849
0.01849
0.01849
0.01849
0.01849
0.01849
0.01849
0.01848
0.01848
0.01848
0.01848
0.01848
0.01848
0.01848
0.01848
0.01847
0.01847
0.01847
0.01847
0.01847
0.01847
0.01847
0.01846
0.01846
0.01846
0.01846
0.01846
0.01846
0.01846
0.01845
0.01845
0.01845
0.01845
0.01845
0.01845
0.01845
0.01845
0.01844
0.01844
0.01844
0.01844
0.01844
0.01844
0.01844
0.01843
0.01843
0.01843
0.01843
0.01843
0.01843
0.01843
0.01842
0.01842
0.01842
0.01842
0.01842
0.01842
0.01842
0.01841
0.01841
0.01841
0.01841
0.01841
0.01841
0.01841
0.01841
0.01840
0.01840
0.01840
0.01840
0.01840
0.01840
0.01840
0.01839
0.01839
0.01839
0.01839
0.01839
0.01839
0.01839
0.01838
0.01838
0.01838
0.01838
0.01838
0.01838
0.01838
0.01838
0.01837
0.01837
0.01837
0.01837
0.01837
0.01837
0.01837
0.01836
0.01836
0.01836
0.01836
0.01836
0.01836
0.01836
0.01835
0.01835
0.01835
0.01835
0.01835
0.01835
0.01835
0.01834
0.01834
0.01834
0.01834
0.01834
0.01834
0.01834
0.01834
0.01833
0.01833
0.01833
0.01833
0.01833
0.01833
0.01833
0.01832
0.01832
0.01832
0.01832
0.01832
0.01832
0.01832
0.01831
0.01831
0.01831
0.01831
0.01831
0.01831
0.01831
0.01830
0.01830
0.01830
0.01830
0.01830
0.01830
0.01830
0.01829
0.01829
0.01829
0.01829
0.01829
0.01829
0.01829
0.01829
0.01828
0.01828
0.01828
0.01828
0.01828
0.01828
0.01828
0.01827
0.01827
0.01827
0.01827
0.01827
0.01827
0.01827
0.01826
0.01826
0.01826
0.01826
0.01826
0.01826
0.01826
0.01825
0.01825
0.01825
0.01825
0.01825
0.01825
0.01825
0.01824
0.01824
0.01824
0.01824
0.01824
0.01824
0.01824
0.01823
0.01823
0.01823
0.01823
0.01823
0.01823
0.01823
0.01822
0.01822
0.01822
0.01822
0.01822
0.01822
0.01822
0.01821
0.01821
0.01821
0.01821
0.01821
0.01821
0.01821
0.01820
0.01820
0.01820
0.01820
0.01820
0.01820
0.01820
0.01819
0.01819
0.01819
0.01819
0.01819
0.01819
0.01819
0.01818
0.01818
0.01818
0.01818
0.01818
0.01818
0.01818
0.01817
0.01817
0.01817
0.01817
0.01817
0.01817
0.01817
0.01816
0.01816
0.01816
0.01816
0.01816
0.01816
0.01815
0.01815
0.01815
0.01815
0.01815
0.01815
0.01815
0.01814
0.01814
0.01814
0.01814
0.01814
0.01814
0.01814
0.01813
0.01813
0.01813
0.01813
0.01813
0.01813
0.01812
0.01812
0.01812
0.01812
0.01812
0.01812
0.01812
0.01811
0.01811
0.01811
0.01811
0.01811
0.01811
0.01810
0.01810
0.01810
0.01810
0.01810
0.01810
0.01809
0.01809
0.01809
0.01809
0.01809
0.01809
0.01808
0.01808
0.01808
0.01808
0.01808
0.01808
0.01807
0.01807
0.01807
0.01807
0.01807
0.01807
0.01806
0.01806
0.01806
0.01806
0.01806
0.01806
0.01805
0.01805
0.01805
0.01805
0.01805
0.01805
0.01804
0.01804
0.01804
0.01804
0.01804
0.01803
0.01803
0.01803
0.01803
0.01803
0.01803
0.01802
0.01802
0.01802
0.01802
0.01802
0.01801
0.01801
0.01801
0.01801
0.01801
0.01800
0.01800
0.01800
0.01800
0.01800
0.01799
0.01799
0.01799
0.01799
0.01799
0.01798
0.01798
0.01798
0.01798
0.01798
0.01797
0.01797
0.01797
0.01797
0.01797
0.01796
0.01796
0.01796
0.01796
0.01795
0.01795
0.01795
0.01795
0.01794
0.01794
0.01794
0.01794
0.01794
0.01793
0.01793
0.01793
0.01793
0.01792
0.01792
0.01792
0.01792
0.01791
0.01791
0.01791
0.01791
0.01790
0.01790
0.01790
0.01790
0.01789
0.01789
0.01789
0.01788
0.01788
0.01788
0.01788
0.01787
0.01787
0.01787
0.01786
0.01786
0.01786
0.01786
0.01785
0.01785
0.01785
0.01784
0.01784
0.01784
0.01783
0.01783
0.01783
0.01782
0.01782
0.01782
0.01781
0.01781
0.01781
0.01780
0.01780
0.01780
0.01779
0.01779
0.01778
0.01778
0.01778
0.01777
0.01777
0.01776
0.01776
0.01776
0.01775
0.01775
0.01774
0.01774
0.01774
0.01773
0.01773
0.01772
0.01772
0.01771
0.01771
0.01770
0.01770
0.01770
0.01769
0.01769
0.01768
0.01768
0.01767
0.01767
0.01766
0.01765
0.01765
0.01764
0.01764
0.01763
0.01763
0.01762
0.01762
0.01761
0.01760
0.01760
0.01759
0.01759
0.01758
0.01757
0.01757
0.01756
0.01755
0.01755
0.01754
0.01753
0.01753
0.01752
0.01751
0.01751
0.01750
0.01749
0.01748
0.01748
0.01747
0.01746
0.01745
0.01744
0.01744
0.01743
0.01742
0.01741
0.01740
0.01739
0.01738
0.01737
0.01736
0.01736
0.01735
0.01734
0.01733
0.01732
0.01731
0.01730
0.01728
0.01727
0.01726
0.01725
0.01724
0.01723
0.01722
0.01721
0.01719
0.01718
0.01717
0.01716
0.01715
0.01713
0.01712
0.01711
0.01709
0.01708
0.01706
0.01705
0.01704
0.01702
0.01701
0.01699
0.01698
0.01696
0.01694
0.01693
0.01691
0.01690
0.01688
0.01686
0.01684
0.01683
0.01681
0.01679
0.01677
0.01675
0.01673
0.01671
0.01669
0.01667
0.01665
0.01663
0.01661
0.01659
0.01657
0.01654
0.01652
0.01650
0.01648
0.01645
0.01643
0.01640
0.01638
0.01635
0.01633
0.01630
0.01627
0.01625
0.01622
0.01619
0.01616
0.01613
0.01610
0.01608
0.01604
0.01601
0.01598
0.01595
0.01592
0.01589
0.01585
0.01582
0.01579
0.01575
0.01572
0.01568
0.01564
0.01561
0.01557
0.01553
0.01549
0.01545
0.01541
0.01537
0.01533
0.01529
0.01525
0.01520
0.01516
0.01512
0.01507
0.01503
0.01498
0.01493
0.01488
0.01484
0.01479
0.01474
0.01469
0.01464
0.01459
0.01453
0.01448
0.01443
0.01437
0.01432
0.01426
0.01420
0.01415
0.01409
0.01403
0.01397
0.01391
0.01385
0.01378
0.01372
0.01366
0.01359
0.01353
0.01346
0.01339
0.01332
0.01326
0.01319
0.01312
0.01304
0.01297
0.01290
0.01282
0.01275
0.01267
0.01260
0.01252
0.01244
0.01236
0.01228
0.01220
0.01212
0.01204
0.01195
0.01187
0.01178
0.01169
0.01161
0.01152
0.01143
0.01134
0.01125
0.01115
0.01106
0.01097
0.01087
0.01078
0.01068
0.01058
0.01048
0.01038
0.01028
0.01018
0.01008
0.00997
0.00987
0.00976
0.00966
0.00955
0.00944
0.00933
0.00922
0.00911
0.00899
0.00888
0.00877
0.00865
0.00853
0.00842
0.00830
0.00818
0.00806
0.00794
0.00782
0.00769
0.00757
0.00744
0.00732
0.00719
0.00706
0.00693
0.00680
0.00667
0.00654
0.00641
0.00627
0.00614
0.00600
0.00586
0.00573
0.00559
0.00545
0.00531
0.00517
0.00502
0.00488
0.00474
0.00459
0.00444
0.00430
0.00415
0.00400
0.00385
0.00370
0.00355
0.00339
0.00324
0.00309
0.00293
0.00277
0.00262
0.00246
0.00230
0.00214
0.00198
0.00182
0.00166
0.00149
0.00133
0.00116
0.00100
0.00083
0.00066
0.00049
0.00032
0.00015
-0.00002
-0.00019
-0.00036
-0.00054
-0.00071
-0.00089
-0.00106
-0.00124
-0.00142
-0.00160
-0.00178
-0.00196
-0.00214
-0.00232
-0.00250
-0.00269
-0.00287
-0.00305
-0.00324
-0.00343
-0.00361
-0.00380
-0.00399
-0.00418
-0.00437
-0.00456
-0.00475
-0.00495
-0.00514
-0.00533
-0.00553
-0.00572
-0.00592
-0.00612
-0.00631
-0.00651
-0.00671
-0.00691
-0.00711
-0.00731
-0.00751
-0.00772
-0.00792
-0.00812
-0.00833
-0.00853
-0.00874
-0.00894
-0.00915
-0.00936
-0.00957
-0.00978
-0.00999
-0.01020
-0.01041
-0.01062
-0.01083
-0.01104
-0.01126
-0.01147
-0.01169
-0.01190
-0.01212
-0.01233
-0.01255
-0.01277
-0.01299
-0.01320
-0.01342
-0.01364
-0.01386
-0.01408
-0.01431
-0.01453
-0.01475
-0.01497
-0.01520
-0.01542
-0.01565
-0.01587
-0.01610
-0.01633
-0.01655
-0.01678
-0.01701
-0.01724
-0.01747
-0.01770
-0.01793