0.01932
0.01932
0.01932
0.01932
0.01932
0.01932
0.01932
0.01932
0.01932
0.01932
0.01932
0.01932
0.01932
0.01932
0.01932
0.01932
0.01932
0.01932
0.01932
0.01932
0.01932
0.01932
0.01932
0.01932
0.01932
0.01932
0.01932
0.01932
0.01932
0.01932
0.01932
0.01932
0.01932
0.01932
0.01932
0.01932
0.01932
0.01932
0.01932
0.01932
0.01932
0.01932
0.01932
0.01932
0.01932
0.01932
0.01932
0.01932
0.01932
0.01932
0.01932
0.01932
0.01932
0.01932
0.01932
0.01932
0.01932
0.01932
0.01932
0.01932
0.01932
0.01932
0.01932
0.01932
0.01932
0.01932
0.01932
0.01932
0.01932
0.01932
0.01932
0.01932
0.01932
0.01932
0.01932
0.01932
0.01932
0.01932
0.01932
0.01932
0.01932
0.01932
0.01932
0.01932
0.01932
0.01932
0.01932
0.01932
0.01932
0.01932
0.01932
0.01932
0.01932
0.01932
0.01932
0.01932
0.01932
0.01932
0.01932
0.01932
0.01932
0.01932
0.01932
0.01932
0.01932
0.01932
0.01932
0.01932
0.01932
0.01932
0.01932
0.01932
0.01932
0.01932
0.01932
0.01932
0.01932
0.01932
0.01932
0.01932
0.01932
0.01931
0.01931
0.01931
0.01931
0.01931
0.01931
0.01931
0.01931
0.01931
0.01931
0.01931
0.01931
0.01931
0.01931
0.01931
0.01931
0.01931
0.01931
0.01931
0.01931
0.01931
0.01931
0.01931
0.01931
0.01931
0.01931
0.01931
0.01931
0.01931
0.01931
0.01931
0.01931
0.01931
0.01931
0.01931
0.01931
0.01931
0.01931
0.01931
0.01931
0.01931
0.01931
0.01931
0.01931
0.01931
0.01931
0.01931
0.01931
0.01931
0.01931
0.01931
0.01931
0.01931
0.01931
0.01931
0.01931
0.01931
0.01931
0.01931
0.01931
0.01931
0.01931
0.01931
0.01931
0.01931
0.01931
0.01931
0.01931
0.01931
0.01931
0.01931
0.01931
0.01931
0.01931
0.01931
0.01931
0.01931
0.01931
0.01931
0.01931
0.01931
0.01931
0.01931
0.01931
0.01931
0.01931
0.01931
0.01931
0.01931
0.01931
0.01931
0.01931
0.01931
0.01931
0.01931
0.01931
0.01931
0.01931
0.01931
0.01931
0.01931
0.01931
0.01931
0.01931
0.01931
0.01931
0.01931
0.01931
0.01931
0.01931
0.01931
0.01931
0.01931
0.01931
0.01931
0.01931
0.01931
0.01931
0.01931
0.01931
0.01931
0.01931
0.01931
0.01931
0.01931
0.01931
0.01931
0.01931
0.01931
0.01931
0.01931
0.01931
0.01931
0.01931
0.01931
0.01931
0.01931
0.01931
0.01931
0.01931
0.01931
0.01931
0.01931
0.01931
0.01930
0.01930
0.01930
0.01930
0.01930
0.01930
0.01930
0.01930
0.01930
0.01930
0.01930
0.01930
0.01930
0.01930
0.01930
0.01930
0.01930
0.01930
0.01930
0.01930
0.01930
0.01930
0.01930
0.01930
0.01930
0.01930
0.01930
0.01930
0.01930
0.01930
0.01930
0.01930
0.01930
0.01930
0.01930
0.01930
0.01930
0.01930
0.01930
0.01930
0.01930
0.01930
0.01930
0.01930
0.01930
0.01930
0.01930
0.01930
0.01930
0.01930
0.01930
0.01930
0.01930
0.01930
0.01930
0.01930
0.01930
0.01930
0.01930
0.01930
0.01930
0.01930
0.01930
0.01930
0.01930
0.01930
0.01930
0.01930
0.01930
0.01930
0.01930
0.01930
0.01930
0.01930
0.01930
0.01930
0.01930
0.01930
0.01930
0.01930
0.01930
0.01930
0.01930
0.01930
0.01930
0.01930
0.01930
0.01930
0.01930
0.01930
0.01930
0.01930
0.01930
0.01930
0.01930
0.01930
0.01930
0.01930
0.01930
0.01930
0.01930
0.01930
0.01930
0.01930
0.01930
0.01930
0.01930
0.01930
0.01930
0.01930
0.01930
0.01930
0.01930
0.01930
0.01930
0.01930
0.01930
0.01930
0.01930
0.01930
0.01930
0.01930
0.01930
0.01930
0.01930
0.01930
0.01930
0.01930
0.01930
0.01930
0.01930
0.01930
0.01930
0.01930
0.01930
0.01930
0.01930
0.01930
0.01930
0.01930
0.01929
0.01929
0.01929
0.01929
0.01929
0.01929
0.01929
0.01929
0.01929
0.01929
0.01929
0.01929
0.01929
0.01929
0.01929
0.01929
0.01929
0.01929
0.01929
0.01929
0.01929
0.01929
0.01929
0.01929
0.01929
0.01929
0.01929
0.01929
0.01929
0.01929
0.01929
0.01929
0.01929
0.01929
0.01929
0.01929
0.01929
0.01929
0.01929
0.01929
0.01929
0.01929
0.01929
0.01929
0.01929
0.01929
0.01929
0.01929
0.01929
0.01929
0.01929
0.01929
0.01929
0.01929
0.01929
0.01929
0.01929
0.01929
0.01929
0.01929
0.01929
0.01929
0.01929
0.01929
0.01929
0.01929
0.01929
0.01929
0.01929
0.01929
0.01929
0.01929
0.01929
0.01929
0.01929
0.01929
0.01929
0.01929
0.01929
0.01928
0.01928
0.01928
0.01928
0.01928
0.01928
0.01928
0.01928
0.01928
0.01928
0.01928
0.01928
0.01928
0.01928
0.01928
0.01928
0.01928
0.01928
0.01928
0.01928
0.01928
0.01928
0.01928
0.01928
0.01928
0.01928
0.01928
0.01928
0.01928
0.01928
0.01927
0.01927
0.01927
0.01927
0.01927
0.01927
0.01927
0.01927
0.01927
0.01927
0.01927
0.01927
0.01927
0.01927
0.01927
0.01927
0.01927
0.01927
0.01926
0.01926
0.01926
0.01926
0.01926
0.01926
0.01926
0.01926
0.01926
0.01926
0.01926
0.01926
0.01926
0.01926
0.01925
0.01925
0.01925
0.01925
0.01925
0.01925
0.01925
0.01925
0.01925
0.01925
0.01925
0.01925
0.01924
0.01924
0.01924
0.01924
0.01924
0.01924
0.01924
0.01924
0.01924
0.01924
0.01924
0.01923
0.01923
0.01923
0.01923
0.01923
0.01923
0.01923
0.01923
0.01923
0.01922
0.01922
0.01922
0.01922
0.01922
0.01922
0.01922
0.01922
0.01922
0.01921
0.01921
0.01921
0.01921
0.01921
0.01921
0.01921
0.01921
0.01920
0.01920
0.01920
0.01920
0.01920
0.01920
0.01920
0.01920
0.01919
0.01919
0.01919
0.01919
0.01919
0.01919
0.01919
0.01919
0.01918
0.01918
0.01918
0.01918
0.01918
0.01918
0.01918
0.01918
0.01917
0.01917
0.01917
0.01917
0.01917
0.01917
0.01917
0.01916
0.01916
0.01916
0.01916
0.01916
0.01916
0.01916
0.01915
0.01915
0.01915
0.01915
0.01915
0.01915
0.01915
0.01914
0.01914
0.01914
0.01914
0.01914
0.01914
0.01913
0.01913
0.01913
0.01913
0.01913
0.01913
0.01913
0.01912
0.01912
0.01912
0.01912
0.01912
0.01912
0.01912
0.01911
0.01911
0.01911
0.01911
0.01911
0.01911
0.01910
0.01910
0.01910
0.01910
0.01910
0.01910
0.01909
0.01909
0.01909
0.01909
0.01909
0.01909
0.01909
0.01908
0.01908
0.01908
0.01908
0.01908
0.01908
0.01907
0.01907
0.01907
0.01907
0.01907
0.01907
0.01906
0.01906
0.01906
0.01906
0.01906
0.01906
0.01905
0.01905
0.01905
0.01905
0.01905
0.01905
0.01904
0.01904
0.01904
0.01904
0.01904
0.01904
0.01903
0.01903
0.01903
0.01903
0.01903
0.01903
0.01902
0.01902
0.01902
0.01902
0.01902
0.01902
0.01901
0.01901
0.01901
0.01901
0.01901
0.01901
0.01900
0.01900
0.01900
0.01900
0.01900
0.01900
0.01899
0.01899
0.01899
0.01899
0.01899
0.01899
0.01898
0.01898
0.01898
0.01898
0.01898
0.01897
0.01897
0.01897
0.01897
0.01897
0.01897
0.01896
0.01896
0.01896
0.01896
0.01896
0.01896
0.01895
0.01895
0.01895
0.01895
0.01895
0.01895
0.01894
0.01894
0.01894
0.01894
0.01894
0.01893
0.01893
0.01893
0.01893
0.01893
0.01893
0.01892
0.01892
0.01892
0.01892
0.01892
0.01891
0.01891
0.01891
0.01891
0.01891
0.01891
0.01890
0.01890
0.01890
0.01890
0.01890
0.01890
0.01889
0.01889
0.01889
0.01889
0.01889
0.01888
0.01888
0.01888
0.01888
0.01888
0.01888
0.01887
0.01887
0.01887
0.01887
0.01887
0.01886
0.01886
0.01886
0.01886
0.01886
0.01886
0.01885
0.01885
0.01885
0.01885
0.01885
0.01884
0.01884
0.01884
0.01884
0.01884
0.01884
0.01883
0.01883
0.01883
0.01883
0.01883
0.01882
0.01882
0.01882
0.01882
0.01882
0.01882
0.01881
0.01881
0.01881
0.01881
0.01881
0.01880
0.01880
0.01880
0.01880
0.01880
0.01880
0.01879
0.01879
0.01879
0.01879
0.01879
0.01878
0.01878
0.01878
0.01878
0.01878
0.01877
0.01877
0.01877
0.01877
0.01877
0.01877
0.01876
0.01876
0.01876
0.01876
0.01876
0.01875
0.01875
0.01875
0.01875
0.01875
0.01875
0.01874
0.01874
0.01874
0.01874
0.01874
0.01873
0.01873
0.01873
0.01873
0.01873
0.01872
0.01872
0.01872
0.01872
0.01872
0.01872
0.01871
0.01871
0.01871
0.01871
0.01871
0.01870
0.01870
0.01870
0.01870
0.01870
0.01869
0.01869
0.01869
0.01869
0.01869
0.01869
0.01868
0.01868
0.01868
0.01868
0.01868
0.01867
0.01867
0.01867
0.01867
0.01867
0.01866
0.01866
0.01866
0.01866
0.01866
0.01866
0.01865
0.01865
0.01865
0.01865
0.01865
0.01864
0.01864
0.01864
0.01864
0.01864
0.01863
0.01863
0.01863
0.01863
0.01863
0.01863
0.01862
0.01862
0.01862
0.01862
0.01862
0.01861
0.01861
0.01861
0.01861
0.01861
0.01860
0.01860
0.01860
0.01860
0.01860
0.01859
0.01859
0.01859
0.01859
0.01859
0.01859
0.01858
0.01858
0.01858
0.01858
0.01858
0.01857
0.01857
0.01857
0.01857
0.01857
0.01856
0.01856
0.01856
0.01856
0.01856
0.01855
0.01855
0.01855
0.01855
0.01855
0.01855
0.01854
0.01854
0.01854
0.01854
0.01854
0.01853
0.01853
0.01853
0.01853
0.01853
0.01852
0.01852
0.01852
0.01852
0.01852
0.01851
0.01851
0.01851
0.01851
0.01851
0.01851
0.01850
0.01850
0.01850
0.01850
0.01850
0.01849
0.01849
0.01849
0.01849
0.01849
0.01848
0.01848
0.01848
0.01848
0.01848
0.01847
0.01847
0.01847
0.01847
0.01847
0.01846
0.01846
0.01846
0.01846
0.01846
0.01846
0.01845
0.01845
0.01845
0.01845
0.01845
0.01844
0.01844
0.01844
0.01844
0.01844
0.01843
0.01843
0.01843
0.01843
0.01843
0.01842
0.01842
0.01842
0.01842
0.01842
0.01841
0.01841
0.01841
0.01841
0.01841
0.01841
0.01840
0.01840
0.01840
0.01840
0.01840
0.01839
0.01839
0.01839
0.01839
0.01839
0.01838
0.01838
0.01838
0.01838
0.01838
0.01837
0.01837
0.01837
0.01837
0.01837
0.01836
0.01836
0.01836
0.01836
0.01836
0.01836
0.01835
0.01835
0.01835
0.01835
0.01835
0.01834
0.01834
0.01834
0.01834
0.01834
0.01833
0.01833
0.01833
0.01833
0.01833
0.01832
0.01832
0.01832
0.01832
0.01832
0.01831
0.01831
0.01831
0.01831
0.01831
0.01830
0.01830
0.01830
0.01830
0.01830
0.01829
0.01829
0.01829
0.01829
0.01829
0.01829
0.01828
0.01828
0.01828
0.01828
0.01828
0.01827
0.01827
0.01827
0.01827
0.01827
0.01826
0.01826
0.01826
0.01826
0.01826
0.01825
0.01825
0.01825
0.01825
0.01825
0.01824
0.01824
0.01824
0.01824
0.01824
0.01823
0.01823
0.01823
0.01823
0.01823
0.01822
0.01822
0.01822
0.01822
0.01822
0.01822
0.01821
0.01821
0.01821
0.01821
0.01821
0.01820
0.01820
0.01820
0.01820
0.01820
0.01819
0.01819
0.01819
0.01819
0.01819
0.01818
0.01818
0.01818
0.01818
0.01818
0.01817
0.01817
0.01817
0.01817
0.01817
0.01816
0.01816
0.01816
0.01816
0.01816
0.01815
0.01815
0.01815
0.01815
0.01815
0.01814
0.01814
0.01814
0.01814
0.01814
0.01814
0.01813
0.01813
0.01813
0.01813
0.01813
0.01812
0.01812
0.01812
0.01812
0.01812
0.01811
0.01811
0.01811
0.01811
0.01811
0.01810
0.01810
0.01810
0.01810
0.01810
0.01809
0.01809
0.01809
0.01809
0.01809
0.01808
0.01808
0.01808
0.01808
0.01808
0.01807
0.01807
0.01807
0.01807
0.01807
0.01806
0.01806
0.01806
0.01806
0.01806
0.01805
0.01805
0.01805
0.01805
0.01805
0.01804
0.01804
0.01804
0.01804
0.01804
0.01804
0.01803
0.01803
0.01803
0.01803
0.01803
0.01802
0.01802
0.01802
0.01802
0.01802
0.01801
0.01801
0.01801
0.01801
0.01801
0.01800
0.01800
0.01800
0.01800
0.01800
0.01799
0.01799
0.01799
0.01799
0.01799
0.01798
0.01798
0.01798
0.01798
0.01798
0.01797
0.01797
0.01797
0.01797
0.01797
0.01796
0.01796
0.01796
0.01796
0.01796
0.01795
0.01795
0.01795
0.01795
0.01795
0.01794
0.01794
0.01794
0.01794
0.01794
0.01793
0.01793
0.01793
0.01793
0.01793
0.01792
0.01792
0.01792
0.01792
0.01792
0.01791
0.01791
0.01791
0.01791
0.01791
0.01790
0.01790
0.01790
0.01790
0.01790
0.01789
0.01789
0.01789
0.01789
0.01789
0.01789
0.01788
0.01788
0.01788
0.01788
0.01788
0.01787
0.01787
0.01787
0.01787
0.01787
0.01786
0.01786
0.01786
0.01786
0.01786
0.01785
0.01785
0.01785
0.01785
0.01785
0.01784
0.01784
0.01784
0.01784
0.01784
0.01783
0.01783
0.01783
0.01783
0.01783
0.01782
0.01782
0.01782
0.01782
0.01782
0.01781
0.01781
0.01781
0.01781
0.01781
0.01780
0.01780
0.01780
0.01780
0.01780
0.01779
0.01779
0.01779
0.01779
0.01779
0.01778
0.01778
0.01778
0.01778
0.01778
0.01777
0.01777
0.01777
0.01777
0.01777
0.01776
0.01776
0.01776
0.01776
0.01776
0.01775
0.01775
0.01775
0.01775
0.01774
0.01774
0.01774
0.01774
0.01774
0.01773
0.01773
0.01773
0.01773
0.01773
0.01772
0.01772
0.01772
0.01772
0.01772
0.01771
0.01771
0.01771
0.01771
0.01771
0.01770
0.01770
0.01770
0.01770
0.01770
0.01769
0.01769
0.01769
0.01769
0.01769
0.01768
0.01768
0.01768
0.01768
0.01768
0.01767
0.01767
0.01767
0.01767
0.01767
0.01766
0.01766
0.01766
0.01766
0.01765
0.01765
0.01765
0.01765
0.01765
0.01764
0.01764
0.01764
0.01764
0.01764
0.01763
0.01763
0.01763
0.01763
0.01763
0.01762
0.01762
0.01762
0.01762
0.01761
0.01761
0.01761
0.01761
0.01761
0.01760
0.01760
0.01760
0.01760
0.01760
0.01759
0.01759
0.01759
0.01759
0.01758
0.01758
0.01758
0.01758
0.01758
0.01757
0.01757
0.01757
0.01757
0.01756
0.01756
0.01756
0.01756
0.01756
0.01755
0.01755
0.01755
0.01755
0.01754
0.01754
0.01754
0.01754
0.01754
0.01753
0.01753
0.01753
0.01753
0.01752
0.01752
0.01752
0.01752
0.01752
0.01751
0.01751
0.01751
0.01751
0.01750
0.01750
0.01750
0.01750
0.01749
0.01749
0.01749
0.01749
0.01748
0.01748
0.01748
0.01748
0.01748
0.01747
0.01747
0.01747
0.01747
0.01746
0.01746
0.01746
0.01746
0.01745
0.01745
0.01745
0.01745
0.01744
0.01744
0.01744
0.01744
0.01743
0.01743
0.01743
0.01742
0.01742
0.01742
0.01742
0.01741
0.01741
0.01741
0.01741
0.01740
0.01740
0.01740
0.01740
0.01739
0.01739
0.01739
0.01738
0.01738
0.01738
0.01738
0.01737
0.01737
0.01737
0.01736
0.01736
0.01736
0.01736
0.01735
0.01735
0.01735
0.01734
0.01734
0.01734
0.01733
0.01733
0.01733
0.01733
0.01732
0.01732
0.01732
0.01731
0.01731
0.01731
0.01730
0.01730
0.01730
0.01729
0.01729
0.01729
0.01728
0.01728
0.01728
0.01727
0.01727
0.01727
0.01726
0.01726
0.01725
0.01725
0.01725
0.01724
0.01724
0.01724
0.01723
0.01723
0.01722
0.01722
0.01722
0.01721
0.01721
0.01720
0.01720
0.01720
0.01719
0.01719
0.01718
0.01718
0.01718
0.01717
0.01717
0.01716
0.01716
0.01715
0.01715
0.01714
0.01714
0.01714
0.01713
0.01713
0.01712
0.01712
0.01711
0.01711
0.01710
0.01710
0.01709
0.01709
0.01708
0.01707
0.01707
0.01706
0.01706
0.01705
0.01705
0.01704
0.01704
0.01703
0.01702
0.01702
0.01701
0.01701
0.01700
0.01699
0.01699
0.01698
0.01697
0.01697
0.01696
0.01695
0.01695
0.01694
0.01693
0.01693
0.01692
0.01691
0.01690
0.01690
0.01689
0.01688
0.01687
0.01687
0.01686
0.01685
0.01684
0.01683
0.01683
0.01682
0.01681
0.01680
0.01679
0.01678
0.01677
0.01676
0.01675
0.01674
0.01673
0.01672
0.01671
0.01670
0.01669
0.01668
0.01667
0.01666
0.01665
0.01664
0.01663
0.01662
0.01660
0.01659
0.01658
0.01657
0.01656
0.01654
0.01653
0.01652
0.01650
0.01649
0.01648
0.01646
0.01645
0.01643
0.01642
0.01640
0.01639
0.01637
0.01636
0.01634
0.01633
0.01631
0.01629
0.01628
0.01626
0.01624
0.01623
0.01621
0.01619
0.01617
0.01615
0.01613
0.01611
0.01609
0.01607
0.01605
0.01603
0.01601
0.01599
0.01597
0.01594
0.01592
0.01590
0.01588
0.01585
0.01583
0.01580
0.01578
0.01575
0.01573
0.01570
0.01567
0.01565
0.01562
0.01559
0.01556
0.01553
0.01551
0.01548
0.01545
0.01541
0.01538
0.01535
0.01532
0.01529
0.01525
0.01522
0.01518
0.01515
0.01511
0.01508
0.01504
0.01500
0.01497
0.01493
0.01489
0.01485
0.01481
0.01477
0.01473
0.01469
0.01464
0.01460
0.01456
0.01451
0.01447
0.01442
0.01437
0.01433
0.01428
0.01423
0.01418
0.01413
0.01408
0.01403
0.01397
0.01392
0.01387
0.01381
0.01376
0.01370
0.01365
0.01359
0.01353
0.01347
0.01341
0.01335
0.01329
0.01323
0.01316
0.01310
0.01303
0.01297
0.01290
0.01283
0.01277
0.01270
0.01263
0.01256
0.01248
0.01241
0.01234
0.01226
0.01219
0.01211
0.01204
0.01196
0.01188
0.01180
0.01172
0.01164
0.01155
0.01147
0.01139
0.01130
0.01122
0.01113
0.01104
0.01095
0.01086
0.01077
0.01068
0.01059
0.01049
0.01040
0.01030
0.01021
0.01011
0.01001
0.00991
0.00981
0.00971
0.00960
0.00950
0.00940
0.00929
0.00919
0.00908
0.00897
0.00886
0.00875
0.00864
0.00853
0.00841
0.00830
0.00818
0.00807
0.00795
0.00783
0.00771
0.00759
0.00747
0.00735
0.00723
0.00710
0.00698
0.00685
0.00672
0.00660
0.00647
0.00634
0.00621
0.00607
0.00594
0.00581
0.00567
0.00554
0.00540
0.00526
0.00512
0.00498
0.00484
0.00470
0.00456
0.00442
0.00427
0.00413
0.00398
0.00383
0.00368
0.00354
0.00339
0.00323
0.00308
0.00293
0.00278
0.00262
0.00247
0.00231
0.00215
0.00199
0.00184
0.00168
0.00151
0.00135
0.00119
0.00103
0.00086
0.00070
0.00053
0.00036
0.00020
0.00003
-0.00014
-0.00031
-0.00048
-0.00066
-0.00083
-0.00100
-0.00118
-0.00135
-0.00153
-0.00171
-0.00188
-0.00206
-0.00224
-0.00242
-0.00260
-0.00278
-0.00297
-0.00315
-0.00333
-0.00352
-0.00371
-0.00389
-0.00408
-0.00427
-0.00446
-0.00465
-0.00484
-0.00503
-0.00522
-0.00541
-0.00561
-0.00580
-0.00599
-0.00619
-0.00639
-0.00658
-0.00678
-0.00698
-0.00718
-0.00738
-0.00758
-0.00778
-0.00798
-0.00818
-0.00839
-0.00859
-0.00879
-0.00900
-0.00921
-0.00941
-0.00962
-0.00983
-0.01003
-0.01024
-0.01045
-0.01066
-0.01087
-0.01109
-0.01130
-0.01151
-0.01172
-0.01194
-0.01215
-0.01237
-0.01258
-0.01280
-0.01302
-0.01324
-0.01345
-0.01367
-0.01389
-0.01411
-0.01433
-0.01455
-0.01477
-0.01500
-0.01522
-0.01544
-0.01567
-0.01589
-0.01612
-0.01634
-0.01657
-0.01679
-0.01702
-0.01725
-0.01748
-0.01771
-0.01793
-0.01816
-0.01839