0.01932
0.01932
0.01932
0.01932
0.01932
0.01932
0.01932
0.01932
0.01932
0.01932
0.01932
0.01932
0.01932
0.01932
0.01932
0.01932
0.01932
0.01932
0.01932
0.01932
0.01932
0.01932
0.01932
0.01932
0.01932
0.01932
0.01932
0.01932
0.01932
0.01932
0.01932
0.01932
0.01932
0.01932
0.01932
0.01932
0.01932
0.01932
0.01932
0.01932
0.01932
0.01932
0.01932
0.01932
0.01932
0.01932
0.01932
0.01932
0.01932
0.01932
0.01932
0.01932
0.01932
0.01932
0.01932
0.01932
0.01932
0.01932
0.01932
0.01932
0.01932
0.01932
0.01932
0.01932
0.01932
0.01932
0.01932
0.01932
0.01932
0.01932
0.01932
0.01932
0.01932
0.01932
0.01932
0.01932
0.01932
0.01932
0.01932
0.01932
0.01932
0.01932
0.01932
0.01932
0.01932
0.01932
0.01932
0.01932
0.01932
0.01932
0.01932
0.01932
0.01932
0.01932
0.01932
0.01932
0.01932
0.01932
0.01932
0.01932
0.01932
0.01932
0.01932
0.01932
0.01932
0.01932
0.01932
0.01932
0.01932
0.01932
0.01932
0.01932
0.01931
0.01931
0.01931
0.01931
0.01931
0.01931
0.01931
0.01931
0.01931
0.01931
0.01931
0.01931
0.01931
0.01931
0.01931
0.01931
0.01931
0.01931
0.01931
0.01931
0.01931
0.01931
0.01931
0.01931
0.01931
0.01931
0.01931
0.01931
0.01931
0.01931
0.01931
0.01931
0.01931
0.01931
0.01931
0.01931
0.01931
0.01931
0.01931
0.01931
0.01931
0.01931
0.01931
0.01931
0.01931
0.01931
0.01931
0.01931
0.01931
0.01931
0.01931
0.01931
0.01931
0.01931
0.01931
0.01931
0.01931
0.01931
0.01931
0.01931
0.01931
0.01931
0.01931
0.01931
0.01931
0.01931
0.01931
0.01931
0.01931
0.01931
0.01931
0.01931
0.01931
0.01931
0.01931
0.01931
0.01931
0.01931
0.01931
0.01931
0.01931
0.01931
0.01931
0.01931
0.01931
0.01931
0.01931
0.01931
0.01931
0.01931
0.01931
0.01931
0.01931
0.01931
0.01931
0.01931
0.01931
0.01931
0.01931
0.01931
0.01931
0.01931
0.01931
0.01931
0.01931
0.01931
0.01931
0.01931
0.01931
0.01931
0.01931
0.01931
0.01931
0.01931
0.01931
0.01931
0.01931
0.01931
0.01931
0.01931
0.01931
0.01931
0.01931
0.01931
0.01931
0.01931
0.01931
0.01931
0.01931
0.01931
0.01931
0.01931
0.01931
0.01931
0.01931
0.01931
0.01930
0.01930
0.01930
0.01930
0.01930
0.01930
0.01930
0.01930
0.01930
0.01930
0.01930
0.01930
0.01930
0.01930
0.01930
0.01930
0.01930
0.01930
0.01930
0.01930
0.01930
0.01930
0.01930
0.01930
0.01930
0.01930
0.01930
0.01930
0.01930
0.01930
0.01930
0.01930
0.01930
0.01930
0.01930
0.01930
0.01930
0.01930
0.01930
0.01930
0.01930
0.01930
0.01930
0.01930
0.01930
0.01930
0.01930
0.01930
0.01930
0.01930
0.01930
0.01930
0.01930
0.01930
0.01930
0.01930
0.01930
0.01930
0.01930
0.01930
0.01930
0.01930
0.01930
0.01930
0.01930
0.01930
0.01930
0.01930
0.01930
0.01930
0.01930
0.01930
0.01930
0.01930
0.01930
0.01930
0.01930
0.01930
0.01930
0.01930
0.01930
0.01930
0.01930
0.01930
0.01930
0.01930
0.01930
0.01930
0.01930
0.01930
0.01930
0.01930
0.01930
0.01930
0.01930
0.01930
0.01930
0.01930
0.01930
0.01930
0.01930
0.01930
0.01930
0.01930
0.01930
0.01930
0.01930
0.01930
0.01930
0.01930
0.01930
0.01930
0.01930
0.01930
0.01930
0.01930
0.01930
0.01930
0.01930
0.01930
0.01930
0.01930
0.01930
0.01930
0.01930
0.01930
0.01930
0.01930
0.01930
0.01930
0.01930
0.01930
0.01930
0.01930
0.01929
0.01929
0.01929
0.01929
0.01929
0.01929
0.01929
0.01929
0.01929
0.01929
0.01929
0.01929
0.01929
0.01929
0.01929
0.01929
0.01929
0.01929
0.01929
0.01929
0.01929
0.01929
0.01929
0.01929
0.01929
0.01929
0.01929
0.01929
0.01929
0.01929
0.01929
0.01929
0.01929
0.01929
0.01929
0.01929
0.01929
0.01929
0.01929
0.01929
0.01929
0.01929
0.01929
0.01929
0.01929
0.01929
0.01929
0.01929
0.01929
0.01929
0.01929
0.01929
0.01929
0.01929
0.01929
0.01929
0.01929
0.01929
0.01929
0.01929
0.01929
0.01929
0.01929
0.01929
0.01929
0.01929
0.01929
0.01929
0.01929
0.01929
0.01929
0.01929
0.01929
0.01929
0.01929
0.01929
0.01929
0.01929
0.01929
0.01929
0.01929
0.01929
0.01929
0.01929
0.01929
0.01929
0.01928
0.01928
0.01928
0.01928
0.01928
0.01928
0.01928
0.01928
0.01928
0.01928
0.01928
0.01928
0.01928
0.01928
0.01928
0.01928
0.01928
0.01928
0.01928
0.01928
0.01928
0.01928
0.01928
0.01928
0.01928
0.01928
0.01928
0.01928
0.01928
0.01928
0.01928
0.01927
0.01927
0.01927
0.01927
0.01927
0.01927
0.01927
0.01927
0.01927
0.01927
0.01927
0.01927
0.01927
0.01927
0.01927
0.01927
0.01927
0.01927
0.01926
0.01926
0.01926
0.01926
0.01926
0.01926
0.01926
0.01926
0.01926
0.01926
0.01926
0.01926
0.01926
0.01925
0.01925
0.01925
0.01925
0.01925
0.01925
0.01925
0.01925
0.01925
0.01925
0.01924
0.01924
0.01924
0.01924
0.01924
0.01924
0.01924
0.01924
0.01924
0.01923
0.01923
0.01923
0.01923
0.01923
0.01923
0.01923
0.01922
0.01922
0.01922
0.01922
0.01922
0.01922
0.01922
0.01921
0.01921
0.01921
0.01921
0.01921
0.01921
0.01921
0.01920
0.01920
0.01920
0.01920
0.01920
0.01920
0.01919
0.01919
0.01919
0.01919
0.01919
0.01919
0.01918
0.01918
0.01918
0.01918
0.01918
0.01917
0.01917
0.01917
0.01917
0.01917
0.01917
0.01916
0.01916
0.01916
0.01916
0.01916
0.01915
0.01915
0.01915
0.01915
0.01915
0.01914
0.01914
0.01914
0.01914
0.01914
0.01913
0.01913
0.01913
0.01913
0.01913
0.01912
0.01912
0.01912
0.01912
0.01911
0.01911
0.01911
0.01911
0.01911
0.01910
0.01910
0.01910
0.01910
0.01909
0.01909
0.01909
0.01909
0.01909
0.01908
0.01908
0.01908
0.01908
0.01907
0.01907
0.01907
0.01907
0.01906
0.01906
0.01906
0.01906
0.01906
0.01905
0.01905
0.01905
0.01905
0.01904
0.01904
0.01904
0.01904
0.01903
0.01903
0.01903
0.01903
0.01902
0.01902
0.01902
0.01902
0.01901
0.01901
0.01901
0.01901
0.01900
0.01900
0.01900
0.01900
0.01899
0.01899
0.01899
0.01899
0.01898
0.01898
0.01898
0.01898
0.01897
0.01897
0.01897
0.01897
0.01896
0.01896
0.01896
0.01896
0.01895
0.01895
0.01895
0.01895
0.01894
0.01894
0.01894
0.01893
0.01893
0.01893
0.01893
0.01892
0.01892
0.01892
0.01892
0.01891
0.01891
0.01891
0.01891
0.01890
0.01890
0.01890
0.01889
0.01889
0.01889
0.01889
0.01888
0.01888
0.01888
0.01888
0.01887
0.01887
0.01887
0.01887
0.01886
0.01886
0.01886
0.01885
0.01885
0.01885
0.01885
0.01884
0.01884
0.01884
0.01884
0.01883
0.01883
0.01883
0.01882
0.01882
0.01882
0.01882
0.01881
0.01881
0.01881
0.01880
0.01880
0.01880
0.01880
0.01879
0.01879
0.01879
0.01879
0.01878
0.01878
0.01878
0.01877
0.01877
0.01877
0.01877
0.01876
0.01876
0.01876
0.01875
0.01875
0.01875
0.01875
0.01874
0.01874
0.01874
0.01873
0.01873
0.01873
0.01873
0.01872
0.01872
0.01872
0.01871
0.01871
0.01871
0.01871
0.01870
0.01870
0.01870
0.01869
0.01869
0.01869
0.01869
0.01868
0.01868
0.01868
0.01867
0.01867
0.01867
0.01867
0.01866
0.01866
0.01866
0.01865
0.01865
0.01865
0.01865
0.01864
0.01864
0.01864
0.01863
0.01863
0.01863
0.01863
0.01862
0.01862
0.01862
0.01861
0.01861
0.01861
0.01861
0.01860
0.01860
0.01860
0.01859
0.01859
0.01859
0.01858
0.01858
0.01858
0.01858
0.01857
0.01857
0.01857
0.01856
0.01856
0.01856
0.01856
0.01855
0.01855
0.01855
0.01854
0.01854
0.01854
0.01853
0.01853
0.01853
0.01853
0.01852
0.01852
0.01852
0.01851
0.01851
0.01851
0.01851
0.01850
0.01850
0.01850
0.01849
0.01849
0.01849
0.01848
0.01848
0.01848
0.01848
0.01847
0.01847
0.01847
0.01846
0.01846
0.01846
0.01846
0.01845
0.01845
0.01845
0.01844
0.01844
0.01844
0.01843
0.01843
0.01843
0.01843
0.01842
0.01842
0.01842
0.01841
0.01841
0.01841
0.01840
0.01840
0.01840
0.01840
0.01839
0.01839
0.01839
0.01838
0.01838
0.01838
0.01837
0.01837
0.01837
0.01837
0.01836
0.01836
0.01836
0.01835
0.01835
0.01835
0.01834
0.01834
0.01834
0.01834
0.01833
0.01833
0.01833
0.01832
0.01832
0.01832
0.01831
0.01831
0.01831
0.01831
0.01830
0.01830
0.01830
0.01829
0.01829
0.01829
0.01828
0.01828
0.01828
0.01828
0.01827
0.01827
0.01827
0.01826
0.01826
0.01826
0.01825
0.01825
0.01825
0.01824
0.01824
0.01824
0.01824
0.01823
0.01823
0.01823
0.01822
0.01822
0.01822
0.01821
0.01821
0.01821
0.01821
0.01820
0.01820
0.01820
0.01819
0.01819
0.01819
0.01818
0.01818
0.01818
0.01817
0.01817
0.01817
0.01817
0.01816
0.01816
0.01816
0.01815
0.01815
0.01815
0.01814
0.01814
0.01814
0.01814
0.01813
0.01813
0.01813
0.01812
0.01812
0.01812
0.01811
0.01811
0.01811
0.01810
0.01810
0.01810
0.01810
0.01809
0.01809
0.01809
0.01808
0.01808
0.01808
0.01807
0.01807
0.01807
0.01806
0.01806
0.01806
0.01806
0.01805
0.01805
0.01805
0.01804
0.01804
0.01804
0.01803
0.01803
0.01803
0.01803
0.01802
0.01802
0.01802
0.01801
0.01801
0.01801
0.01800
0.01800
0.01800
0.01799
0.01799
0.01799
0.01799
0.01798
0.01798
0.01798
0.01797
0.01797
0.01797
0.01796
0.01796
0.01796
0.01795
0.01795
0.01795
0.01795
0.01794
0.01794
0.01794
0.01793
0.01793
0.01793
0.01792
0.01792
0.01792
0.01791
0.01791
0.01791
0.01790
0.01790
0.01790
0.01790
0.01789
0.01789
0.01789
0.01788
0.01788
0.01788
0.01787
0.01787
0.01787
0.01786
0.01786
0.01786
0.01786
0.01785
0.01785
0.01785
0.01784
0.01784
0.01784
0.01783
0.01783
0.01783
0.01782
0.01782
0.01782
0.01782
0.01781
0.01781
0.01781
0.01780
0.01780
0.01780
0.01779
0.01779
0.01779
0.01778
0.01778
0.01778
0.01777
0.01777
0.01777
0.01777
0.01776
0.01776
0.01776
0.01775
0.01775
0.01775
0.01774
0.01774
0.01774
0.01773
0.01773
0.01773
0.01773
0.01772
0.01772
0.01772
0.01771
0.01771
0.01771
0.01770
0.01770
0.01770
0.01769
0.01769
0.01769
0.01768
0.01768
0.01768
0.01768
0.01767
0.01767
0.01767
0.01766
0.01766
0.01766
0.01765
0.01765
0.01765
0.01764
0.01764
0.01764
0.01763
0.01763
0.01763
0.01763
0.01762
0.01762
0.01762
0.01761
0.01761
0.01761
0.01760
0.01760
0.01760
0.01759
0.01759
0.01759
0.01758
0.01758
0.01758
0.01758
0.01757
0.01757
0.01757
0.01756
0.01756
0.01756
0.01755
0.01755
0.01755
0.01754
0.01754
0.01754
0.01753
0.01753
0.01753
0.01753
0.01752
0.01752
0.01752
0.01751
0.01751
0.01751
0.01750
0.01750
0.01750
0.01749
0.01749
0.01749
0.01748
0.01748
0.01748
0.01748
0.01747
0.01747
0.01747
0.01746
0.01746
0.01746
0.01745
0.01745
0.01745
0.01744
0.01744
0.01744
0.01743
0.01743
0.01743
0.01743
0.01742
0.01742
0.01742
0.01741
0.01741
0.01741
0.01740
0.01740
0.01740
0.01739
0.01739
0.01739
0.01738
0.01738
0.01738
0.01737
0.01737
0.01737
0.01737
0.01736
0.01736
0.01736
0.01735
0.01735
0.01735
0.01734
0.01734
0.01734
0.01733
0.01733
0.01733
0.01732
0.01732
0.01732
0.01732
0.01731
0.01731
0.01731
0.01730
0.01730
0.01730
0.01729
0.01729
0.01729
0.01728
0.01728
0.01728
0.01727
0.01727
0.01727
0.01726
0.01726
0.01726
0.01726
0.01725
0.01725
0.01725
0.01724
0.01724
0.01724
0.01723
0.01723
0.01723
0.01722
0.01722
0.01722
0.01721
0.01721
0.01721
0.01720
0.01720
0.01720
0.01720
0.01719
0.01719
0.01719
0.01718
0.01718
0.01718
0.01717
0.01717
0.01717
0.01716
0.01716
0.01716
0.01715
0.01715
0.01715
0.01714
0.01714
0.01714
0.01714
0.01713
0.01713
0.01713
0.01712
0.01712
0.01712
0.01711
0.01711
0.01711
0.01710
0.01710
0.01710
0.01709
0.01709
0.01709
0.01708
0.01708
0.01708
0.01708
0.01707
0.01707
0.01707
0.01706
0.01706
0.01706
0.01705
0.01705
0.01705
0.01704
0.01704
0.01704
0.01703
0.01703
0.01703
0.01702
0.01702
0.01702
0.01701
0.01701
0.01701
0.01701
0.01700
0.01700
0.01700
0.01699
0.01699
0.01699
0.01698
0.01698
0.01698
0.01697
0.01697
0.01697
0.01696
0.01696
0.01696
0.01695
0.01695
0.01695
0.01694
0.01694
0.01694
0.01694
0.01693
0.01693
0.01693
0.01692
0.01692
0.01692
0.01691
0.01691
0.01691
0.01690
0.01690
0.01690
0.01689
0.01689
0.01689
0.01688
0.01688
0.01688
0.01687
0.01687
0.01687
0.01687
0.01686
0.01686
0.01686
0.01685
0.01685
0.01685
0.01684
0.01684
0.01684
0.01683
0.01683
0.01683
0.01682
0.01682
0.01682
0.01681
0.01681
0.01681
0.01680
0.01680
0.01680
0.01679
0.01679
0.01679
0.01679
0.01678
0.01678
0.01678
0.01677
0.01677
0.01677
0.01676
0.01676
0.01676
0.01675
0.01675
0.01675
0.01674
0.01674
0.01674
0.01673
0.01673
0.01673
0.01672
0.01672
0.01672
0.01671
0.01671
0.01671
0.01670
0.01670
0.01670
0.01669
0.01669
0.01669
0.01668
0.01668
0.01668
0.01668
0.01667
0.01667
0.01667
0.01666
0.01666
0.01666
0.01665
0.01665
0.01665
0.01664
0.01664
0.01664
0.01663
0.01663
0.01663
0.01662
0.01662
0.01662
0.01661
0.01661
0.01661
0.01660
0.01660
0.01660
0.01659
0.01659
0.01659
0.01658
0.01658
0.01658
0.01657
0.01657
0.01657
0.01656
0.01656
0.01656
0.01655
0.01655
0.01655
0.01654
0.01654
0.01654
0.01653
0.01653
0.01653
0.01652
0.01652
0.01652
0.01651
0.01651
0.01651
0.01650
0.01650
0.01650
0.01649
0.01649
0.01649
0.01648
0.01648
0.01648
0.01647
0.01647
0.01647
0.01646
0.01646
0.01645
0.01645
0.01645
0.01644
0.01644
0.01644
0.01643
0.01643
0.01643
0.01642
0.01642
0.01642
0.01641
0.01641
0.01641
0.01640
0.01640
0.01640
0.01639
0.01639
0.01638
0.01638
0.01638
0.01637
0.01637
0.01637
0.01636
0.01636
0.01636
0.01635
0.01635
0.01634
0.01634
0.01634
0.01633
0.01633
0.01633
0.01632
0.01632
0.01632
0.01631
0.01631
0.01630
0.01630
0.01630
0.01629
0.01629
0.01629
0.01628
0.01628
0.01627
0.01627
0.01627
0.01626
0.01626
0.01625
0.01625
0.01625
0.01624
0.01624
0.01623
0.01623
0.01623
0.01622
0.01622
0.01622
0.01621
0.01621
0.01620
0.01620
0.01619
0.01619
0.01619
0.01618
0.01618
0.01617
0.01617
0.01617
0.01616
0.01616
0.01615
0.01615
0.01614
0.01614
0.01614
0.01613
0.01613
0.01612
0.01612
0.01611
0.01611
0.01610
0.01610
0.01610
0.01609
0.01609
0.01608
0.01608
0.01607
0.01607
0.01606
0.01606
0.01605
0.01605
0.01604
0.01604
0.01603
0.01603
0.01602
0.01602
0.01601
0.01601
0.01600
0.01600
0.01599
0.01599
0.01598
0.01598
0.01597
0.01597
0.01596
0.01596
0.01595
0.01595
0.01594
0.01593
0.01593
0.01592
0.01592
0.01591
0.01591
0.01590
0.01589
0.01589
0.01588
0.01588
0.01587
0.01586
0.01586
0.01585
0.01584
0.01584
0.01583
0.01582
0.01582
0.01581
0.01580
0.01580
0.01579
0.01578
0.01578
0.01577
0.01576
0.01576
0.01575
0.01574
0.01573
0.01573
0.01572
0.01571
0.01570
0.01569
0.01569
0.01568
0.01567
0.01566
0.01565
0.01565
0.01564
0.01563
0.01562
0.01561
0.01560
0.01559
0.01558
0.01557
0.01556
0.01555
0.01554
0.01554
0.01553
0.01552
0.01550
0.01549
0.01548
0.01547
0.01546
0.01545
0.01544
0.01543
0.01542
0.01541
0.01539
0.01538
0.01537
0.01536
0.01535
0.01533
0.01532
0.01531
0.01529
0.01528
0.01527
0.01525
0.01524
0.01523
0.01521
0.01520
0.01518
0.01517
0.01515
0.01514
0.01512
0.01510
0.01509
0.01507
0.01506
0.01504
0.01502
0.01500
0.01499
0.01497
0.01495
0.01493
0.01491
0.01489
0.01487
0.01485
0.01483
0.01481
0.01479
0.01477
0.01475
0.01473
0.01470
0.01468
0.01466
0.01463
0.01461
0.01459
0.01456
0.01454
0.01451
0.01448
0.01446
0.01443
0.01440
0.01438
0.01435
0.01432
0.01429
0.01426
0.01423
0.01420
0.01417
0.01414
0.01410
0.01407
0.01404
0.01401
0.01397
0.01394
0.01390
0.01387
0.01383
0.01379
0.01375
0.01372
0.01368
0.01364
0.01360
0.01356
0.01352
0.01347
0.01343
0.01339
0.01334
0.01330
0.01325
0.01321
0.01316
0.01311
0.01307
0.01302
0.01297
0.01292
0.01287
0.01281
0.01276
0.01271
0.01265
0.01260
0.01254
0.01249
0.01243
0.01237
0.01231
0.01225
0.01219
0.01213
0.01207
0.01201
0.01194
0.01188
0.01181
0.01175
0.01168
0.01161
0.01154
0.01147
0.01140
0.01133
0.01126
0.01118
0.01111
0.01103
0.01096
0.01088
0.01080
0.01072
0.01064
0.01056
0.01048
0.01040
0.01031
0.01023
0.01014
0.01006
0.00997
0.00988
0.00979
0.00970
0.00961
0.00951
0.00942
0.00933
0.00923
0.00913
0.00904
0.00894
0.00884
0.00874
0.00864
0.00853
0.00843
0.00833
0.00822
0.00812
0.00801
0.00790
0.00779
0.00768
0.00757
0.00746
0.00734
0.00723
0.00711
0.00700
0.00688
0.00676
0.00664
0.00652
0.00640
0.00628
0.00615
0.00603
0.00590
0.00578
0.00565
0.00552
0.00539
0.00526
0.00513
0.00500
0.00486
0.00473
0.00459
0.00446
0.00432
0.00418
0.00404
0.00390
0.00376
0.00362
0.00348
0.00333
0.00319
0.00304
0.00289
0.00275
0.00260
0.00245
0.00230
0.00215
0.00199
0.00184
0.00169
0.00153
0.00137
0.00122
0.00106
0.00090
0.00074
0.00058
0.00042
0.00026
0.00009
-0.00007
-0.00024
-0.00040
-0.00057
-0.00074
-0.00091
-0.00108
-0.00125
-0.00142
-0.00159
-0.00176
-0.00194
-0.00211
-0.00229
-0.00246
-0.00264
-0.00282
-0.00299
-0.00317
-0.00335
-0.00354
-0.00372
-0.00390
-0.00408
-0.00427
-0.00445
-0.00464
-0.00482
-0.00501
-0.00520
-0.00539
-0.00558
-0.00577
-0.00596
-0.00615
-0.00634
-0.00654
-0.00673
-0.00693
-0.00712
-0.00732
-0.00751
-0.00771
-0.00791
-0.00811
-0.00831
-0.00851
-0.00871
-0.00891
-0.00911
-0.00932
-0.00952
-0.00973
-0.00993
-0.01014
-0.01034
-0.01055
-0.01076
-0.01097
-0.01118
-0.01139
-0.01160
-0.01181
-0.01202
-0.01223
-0.01244
-0.01266
-0.01287
-0.01308
-0.01330
-0.01352
-0.01373
-0.01395
-0.01417
-0.01439
-0.01460
-0.01482
-0.01504
-0.01526
-0.01548
-0.01571
-0.01593
-0.01615
-0.01637
-0.01660
-0.01682
-0.01705
-0.01727
-0.01750
-0.01773
-0.01795
-0.01818
-0.01841
-0.01864
-0.01887
-0.01910
-0.01933