0.01932
0.01932
0.01932
0.01932
0.01932
0.01932
0.01932
0.01932
0.01932
0.01932
0.01932
0.01932
0.01932
0.01932
0.01932
0.01932
0.01932
0.01932
0.01932
0.01932
0.01932
0.01932
0.01932
0.01932
0.01932
0.01932
0.01932
0.01932
0.01932
0.01932
0.01932
0.01932
0.01932
0.01932
0.01932
0.01932
0.01932
0.01932
0.01932
0.01932
0.01932
0.01932
0.01932
0.01932
0.01932
0.01932
0.01932
0.01932
0.01932
0.01932
0.01932
0.01932
0.01932
0.01932
0.01932
0.01932
0.01932
0.01932
0.01932
0.01932
0.01932
0.01932
0.01932
0.01932
0.01932
0.01932
0.01932
0.01932
0.01932
0.01932
0.01932
0.01932
0.01932
0.01932
0.01932
0.01932
0.01932
0.01932
0.01932
0.01932
0.01932
0.01932
0.01932
0.01932
0.01932
0.01932
0.01932
0.01932
0.01932
0.01932
0.01932
0.01932
0.01932
0.01932
0.01932
0.01932
0.01932
0.01932
0.01932
0.01932
0.01932
0.01932
0.01932
0.01932
0.01932
0.01932
0.01932
0.01932
0.01932
0.01932
0.01932
0.01932
0.01932
0.01932
0.01932
0.01931
0.01931
0.01931
0.01931
0.01931
0.01931
0.01931
0.01931
0.01931
0.01931
0.01931
0.01931
0.01931
0.01931
0.01931
0.01931
0.01931
0.01931
0.01931
0.01931
0.01931
0.01931
0.01931
0.01931
0.01931
0.01931
0.01931
0.01931
0.01931
0.01931
0.01931
0.01931
0.01931
0.01931
0.01931
0.01931
0.01931
0.01931
0.01931
0.01931
0.01931
0.01931
0.01931
0.01931
0.01931
0.01931
0.01931
0.01931
0.01931
0.01931
0.01931
0.01931
0.01931
0.01931
0.01931
0.01931
0.01931
0.01931
0.01931
0.01931
0.01931
0.01931
0.01931
0.01931
0.01931
0.01931
0.01931
0.01931
0.01931
0.01931
0.01931
0.01931
0.01931
0.01931
0.01931
0.01931
0.01931
0.01931
0.01931
0.01931
0.01931
0.01931
0.01931
0.01931
0.01931
0.01931
0.01931
0.01931
0.01931
0.01931
0.01931
0.01931
0.01931
0.01931
0.01931
0.01931
0.01931
0.01931
0.01931
0.01931
0.01931
0.01931
0.01931
0.01931
0.01931
0.01931
0.01931
0.01931
0.01931
0.01931
0.01931
0.01931
0.01931
0.01931
0.01931
0.01931
0.01931
0.01931
0.01931
0.01931
0.01931
0.01931
0.01931
0.01931
0.01931
0.01931
0.01931
0.01931
0.01931
0.01931
0.01931
0.01931
0.01931
0.01931
0.01931
0.01931
0.01931
0.01931
0.01930
0.01930
0.01930
0.01930
0.01930
0.01930
0.01930
0.01930
0.01930
0.01930
0.01930
0.01930
0.01930
0.01930
0.01930
0.01930
0.01930
0.01930
0.01930
0.01930
0.01930
0.01930
0.01930
0.01930
0.01930
0.01930
0.01930
0.01930
0.01930
0.01930
0.01930
0.01930
0.01930
0.01930
0.01930
0.01930
0.01930
0.01930
0.01930
0.01930
0.01930
0.01930
0.01930
0.01930
0.01930
0.01930
0.01930
0.01930
0.01930
0.01930
0.01930
0.01930
0.01930
0.01930
0.01930
0.01930
0.01930
0.01930
0.01930
0.01930
0.01930
0.01930
0.01930
0.01930
0.01930
0.01930
0.01930
0.01930
0.01930
0.01930
0.01930
0.01930
0.01930
0.01930
0.01930
0.01930
0.01930
0.01930
0.01930
0.01930
0.01930
0.01930
0.01930
0.01930
0.01930
0.01930
0.01930
0.01930
0.01930
0.01930
0.01930
0.01930
0.01930
0.01930
0.01930
0.01930
0.01930
0.01930
0.01930
0.01930
0.01930
0.01930
0.01930
0.01930
0.01930
0.01930
0.01930
0.01930
0.01930
0.01930
0.01930
0.01930
0.01930
0.01930
0.01930
0.01930
0.01930
0.01930
0.01930
0.01930
0.01930
0.01930
0.01930
0.01930
0.01930
0.01930
0.01930
0.01930
0.01930
0.01930
0.01930
0.01930
0.01930
0.01930
0.01930
0.01930
0.01929
0.01929
0.01929
0.01929
0.01929
0.01929
0.01929
0.01929
0.01929
0.01929
0.01929
0.01929
0.01929
0.01929
0.01929
0.01929
0.01929
0.01929
0.01929
0.01929
0.01929
0.01929
0.01929
0.01929
0.01929
0.01929
0.01929
0.01929
0.01929
0.01929
0.01929
0.01929
0.01929
0.01929
0.01929
0.01929
0.01929
0.01929
0.01929
0.01929
0.01929
0.01929
0.01929
0.01929
0.01929
0.01929
0.01929
0.01929
0.01929
0.01929
0.01929
0.01929
0.01929
0.01929
0.01929
0.01929
0.01929
0.01929
0.01929
0.01929
0.01929
0.01929
0.01929
0.01929
0.01929
0.01929
0.01929
0.01929
0.01929
0.01929
0.01929
0.01929
0.01929
0.01929
0.01929
0.01929
0.01929
0.01929
0.01929
0.01929
0.01929
0.01929
0.01929
0.01929
0.01928
0.01928
0.01928
0.01928
0.01928
0.01928
0.01928
0.01928
0.01928
0.01928
0.01928
0.01928
0.01928
0.01928
0.01928
0.01928
0.01928
0.01928
0.01928
0.01928
0.01928
0.01928
0.01928
0.01928
0.01928
0.01928
0.01928
0.01928
0.01928
0.01928
0.01928
0.01927
0.01927
0.01927
0.01927
0.01927
0.01927
0.01927
0.01927
0.01927
0.01927
0.01927
0.01927
0.01927
0.01927
0.01927
0.01927
0.01927
0.01927
0.01926
0.01926
0.01926
0.01926
0.01926
0.01926
0.01926
0.01926
0.01926
0.01926
0.01926
0.01926
0.01926
0.01926
0.01925
0.01925
0.01925
0.01925
0.01925
0.01925
0.01925
0.01925
0.01925
0.01925
0.01924
0.01924
0.01924
0.01924
0.01924
0.01924
0.01924
0.01924
0.01924
0.01924
0.01923
0.01923
0.01923
0.01923
0.01923
0.01923
0.01923
0.01923
0.01922
0.01922
0.01922
0.01922
0.01922
0.01922
0.01922
0.01922
0.01921
0.01921
0.01921
0.01921
0.01921
0.01921
0.01921
0.01920
0.01920
0.01920
0.01920
0.01920
0.01920
0.01920
0.01919
0.01919
0.01919
0.01919
0.01919
0.01919
0.01919
0.01918
0.01918
0.01918
0.01918
0.01918
0.01918
0.01917
0.01917
0.01917
0.01917
0.01917
0.01917
0.01916
0.01916
0.01916
0.01916
0.01916
0.01916
0.01915
0.01915
0.01915
0.01915
0.01915
0.01915
0.01914
0.01914
0.01914
0.01914
0.01914
0.01913
0.01913
0.01913
0.01913
0.01913
0.01913
0.01912
0.01912
0.01912
0.01912
0.01912
0.01911
0.01911
0.01911
0.01911
0.01911
0.01910
0.01910
0.01910
0.01910
0.01910
0.01910
0.01909
0.01909
0.01909
0.01909
0.01909
0.01908
0.01908
0.01908
0.01908
0.01908
0.01907
0.01907
0.01907
0.01907
0.01907
0.01906
0.01906
0.01906
0.01906
0.01906
0.01905
0.01905
0.01905
0.01905
0.01905
0.01904
0.01904
0.01904
0.01904
0.01904
0.01903
0.01903
0.01903
0.01903
0.01902
0.01902
0.01902
0.01902
0.01902
0.01901
0.01901
0.01901
0.01901
0.01901
0.01900
0.01900
0.01900
0.01900
0.01900
0.01899
0.01899
0.01899
0.01899
0.01898
0.01898
0.01898
0.01898
0.01898
0.01897
0.01897
0.01897
0.01897
0.01896
0.01896
0.01896
0.01896
0.01896
0.01895
0.01895
0.01895
0.01895
0.01895
0.01894
0.01894
0.01894
0.01894
0.01893
0.01893
0.01893
0.01893
0.01893
0.01892
0.01892
0.01892
0.01892
0.01891
0.01891
0.01891
0.01891
0.01891
0.01890
0.01890
0.01890
0.01890
0.01889
0.01889
0.01889
0.01889
0.01889
0.01888
0.01888
0.01888
0.01888
0.01887
0.01887
0.01887
0.01887
0.01886
0.01886
0.01886
0.01886
0.01886
0.01885
0.01885
0.01885
0.01885
0.01884
0.01884
0.01884
0.01884
0.01883
0.01883
0.01883
0.01883
0.01883
0.01882
0.01882
0.01882
0.01882
0.01881
0.01881
0.01881
0.01881
0.01880
0.01880
0.01880
0.01880
0.01880
0.01879
0.01879
0.01879
0.01879
0.01878
0.01878
0.01878
0.01878
0.01877
0.01877
0.01877
0.01877
0.01877
0.01876
0.01876
0.01876
0.01876
0.01875
0.01875
0.01875
0.01875
0.01874
0.01874
0.01874
0.01874
0.01873
0.01873
0.01873
0.01873
0.01873
0.01872
0.01872
0.01872
0.01872
0.01871
0.01871
0.01871
0.01871
0.01870
0.01870
0.01870
0.01870
0.01869
0.01869
0.01869
0.01869
0.01868
0.01868
0.01868
0.01868
0.01868
0.01867
0.01867
0.01867
0.01867
0.01866
0.01866
0.01866
0.01866
0.01865
0.01865
0.01865
0.01865
0.01864
0.01864
0.01864
0.01864
0.01863
0.01863
0.01863
0.01863
0.01863
0.01862
0.01862
0.01862
0.01862
0.01861
0.01861
0.01861
0.01861
0.01860
0.01860
0.01860
0.01860
0.01859
0.01859
0.01859
0.01859
0.01858
0.01858
0.01858
0.01858
0.01857
0.01857
0.01857
0.01857
0.01856
0.01856
0.01856
0.01856
0.01856
0.01855
0.01855
0.01855
0.01855
0.01854
0.01854
0.01854
0.01854
0.01853
0.01853
0.01853
0.01853
0.01852
0.01852
0.01852
0.01852
0.01851
0.01851
0.01851
0.01851
0.01850
0.01850
0.01850
0.01850
0.01849
0.01849
0.01849
0.01849
0.01848
0.01848
0.01848
0.01848
0.01847
0.01847
0.01847
0.01847
0.01846
0.01846
0.01846
0.01846
0.01845
0.01845
0.01845
0.01845
0.01845
0.01844
0.01844
0.01844
0.01844
0.01843
0.01843
0.01843
0.01843
0.01842
0.01842
0.01842
0.01842
0.01841
0.01841
0.01841
0.01841
0.01840
0.01840
0.01840
0.01840
0.01839
0.01839
0.01839
0.01839
0.01838
0.01838
0.01838
0.01838
0.01837
0.01837
0.01837
0.01837
0.01836
0.01836
0.01836
0.01836
0.01835
0.01835
0.01835
0.01835
0.01834
0.01834
0.01834
0.01834
0.01833
0.01833
0.01833
0.01833
0.01832
0.01832
0.01832
0.01832
0.01831
0.01831
0.01831
0.01831
0.01830
0.01830
0.01830
0.01830
0.01829
0.01829
0.01829
0.01829
0.01828
0.01828
0.01828
0.01828
0.01827
0.01827
0.01827
0.01827
0.01826
0.01826
0.01826
0.01826
0.01825
0.01825
0.01825
0.01825
0.01824
0.01824
0.01824
0.01824
0.01823
0.01823
0.01823
0.01823
0.01822
0.01822
0.01822
0.01822
0.01821
0.01821
0.01821
0.01821
0.01820
0.01820
0.01820
0.01820
0.01819
0.01819
0.01819
0.01819
0.01818
0.01818
0.01818
0.01818
0.01817
0.01817
0.01817
0.01817
0.01816
0.01816
0.01816
0.01816
0.01815
0.01815
0.01815
0.01815
0.01814
0.01814
0.01814
0.01814
0.01813
0.01813
0.01813
0.01813
0.01812
0.01812
0.01812
0.01812
0.01811
0.01811
0.01811
0.01811
0.01810
0.01810
0.01810
0.01810
0.01809
0.01809
0.01809
0.01809
0.01808
0.01808
0.01808
0.01808
0.01807
0.01807
0.01807
0.01807
0.01806
0.01806
0.01806
0.01806
0.01805
0.01805
0.01805
0.01805
0.01804
0.01804
0.01804
0.01804
0.01803
0.01803
0.01803
0.01803
0.01802
0.01802
0.01802
0.01802
0.01801
0.01801
0.01801
0.01801
0.01800
0.01800
0.01800
0.01800
0.01799
0.01799
0.01799
0.01799
0.01798
0.01798
0.01798
0.01798
0.01797
0.01797
0.01797
0.01797
0.01796
0.01796
0.01796
0.01796
0.01795
0.01795
0.01795
0.01795
0.01794
0.01794
0.01794
0.01794
0.01793
0.01793
0.01793
0.01793
0.01792
0.01792
0.01792
0.01792
0.01791
0.01791
0.01791
0.01790
0.01790
0.01790
0.01790
0.01789
0.01789
0.01789
0.01789
0.01788
0.01788
0.01788
0.01788
0.01787
0.01787
0.01787
0.01787
0.01786
0.01786
0.01786
0.01786
0.01785
0.01785
0.01785
0.01785
0.01784
0.01784
0.01784
0.01784
0.01783
0.01783
0.01783
0.01783
0.01782
0.01782
0.01782
0.01782
0.01781
0.01781
0.01781
0.01781
0.01780
0.01780
0.01780
0.01780
0.01779
0.01779
0.01779
0.01779
0.01778
0.01778
0.01778
0.01778
0.01777
0.01777
0.01777
0.01777
0.01776
0.01776
0.01776
0.01775
0.01775
0.01775
0.01775
0.01774
0.01774
0.01774
0.01774
0.01773
0.01773
0.01773
0.01773
0.01772
0.01772
0.01772
0.01772
0.01771
0.01771
0.01771
0.01771
0.01770
0.01770
0.01770
0.01770
0.01769
0.01769
0.01769
0.01769
0.01768
0.01768
0.01768
0.01768
0.01767
0.01767
0.01767
0.01767
0.01766
0.01766
0.01766
0.01766
0.01765
0.01765
0.01765
0.01765
0.01764
0.01764
0.01764
0.01764
0.01763
0.01763
0.01763
0.01762
0.01762
0.01762
0.01762
0.01761
0.01761
0.01761
0.01761
0.01760
0.01760
0.01760
0.01760
0.01759
0.01759
0.01759
0.01759
0.01758
0.01758
0.01758
0.01758
0.01757
0.01757
0.01757
0.01757
0.01756
0.01756
0.01756
0.01756
0.01755
0.01755
0.01755
0.01755
0.01754
0.01754
0.01754
0.01754
0.01753
0.01753
0.01753
0.01752
0.01752
0.01752
0.01752
0.01751
0.01751
0.01751
0.01751
0.01750
0.01750
0.01750
0.01750
0.01749
0.01749
0.01749
0.01749
0.01748
0.01748
0.01748
0.01748
0.01747
0.01747
0.01747
0.01747
0.01746
0.01746
0.01746
0.01746
0.01745
0.01745
0.01745
0.01745
0.01744
0.01744
0.01744
0.01743
0.01743
0.01743
0.01743
0.01742
0.01742
0.01742
0.01742
0.01741
0.01741
0.01741
0.01741
0.01740
0.01740
0.01740
0.01740
0.01739
0.01739
0.01739
0.01739
0.01738
0.01738
0.01738
0.01738
0.01737
0.01737
0.01737
0.01737
0.01736
0.01736
0.01736
0.01735
0.01735
0.01735
0.01735
0.01734
0.01734
0.01734
0.01734
0.01733
0.01733
0.01733
0.01733
0.01732
0.01732
0.01732
0.01732
0.01731
0.01731
0.01731
0.01731
0.01730
0.01730
0.01730
0.01729
0.01729
0.01729
0.01729
0.01728
0.01728
0.01728
0.01728
0.01727
0.01727
0.01727
0.01727
0.01726
0.01726
0.01726
0.01726
0.01725
0.01725
0.01725
0.01725
0.01724
0.01724
0.01724
0.01723
0.01723
0.01723
0.01723
0.01722
0.01722
0.01722
0.01722
0.01721
0.01721
0.01721
0.01721
0.01720
0.01720
0.01720
0.01720
0.01719
0.01719
0.01719
0.01718
0.01718
0.01718
0.01718
0.01717
0.01717
0.01717
0.01717
0.01716
0.01716
0.01716
0.01716
0.01715
0.01715
0.01715
0.01714
0.01714
0.01714
0.01714
0.01713
0.01713
0.01713
0.01713
0.01712
0.01712
0.01712
0.01712
0.01711
0.01711
0.01711
0.01710
0.01710
0.01710
0.01710
0.01709
0.01709
0.01709
0.01709
0.01708
0.01708
0.01708
0.01707
0.01707
0.01707
0.01707
0.01706
0.01706
0.01706
0.01705
0.01705
0.01705
0.01705
0.01704
0.01704
0.01704
0.01704
0.01703
0.01703
0.01703
0.01702
0.01702
0.01702
0.01702
0.01701
0.01701
0.01701
0.01700
0.01700
0.01700
0.01700
0.01699
0.01699
0.01699
0.01698
0.01698
0.01698
0.01698
0.01697
0.01697
0.01697
0.01696
0.01696
0.01696
0.01696
0.01695
0.01695
0.01695
0.01694
0.01694
0.01694
0.01694
0.01693
0.01693
0.01693
0.01692
0.01692
0.01692
0.01691
0.01691
0.01691
0.01690
0.01690
0.01690
0.01690
0.01689
0.01689
0.01689
0.01688
0.01688
0.01688
0.01687
0.01687
0.01687
0.01686
0.01686
0.01686
0.01686
0.01685
0.01685
0.01685
0.01684
0.01684
0.01684
0.01683
0.01683
0.01683
0.01682
0.01682
0.01682
0.01681
0.01681
0.01681
0.01680
0.01680
0.01680
0.01679
0.01679
0.01679
0.01678
0.01678
0.01677
0.01677
0.01677
0.01676
0.01676
0.01676
0.01675
0.01675
0.01675
0.01674
0.01674
0.01674
0.01673
0.01673
0.01672
0.01672
0.01672
0.01671
0.01671
0.01670
0.01670
0.01670
0.01669
0.01669
0.01668
0.01668
0.01668
0.01667
0.01667
0.01666
0.01666
0.01666
0.01665
0.01665
0.01664
0.01664
0.01664
0.01663
0.01663
0.01662
0.01662
0.01661
0.01661
0.01660
0.01660
0.01659
0.01659
0.01659
0.01658
0.01658
0.01657
0.01657
0.01656
0.01656
0.01655
0.01655
0.01654
0.01654
0.01653
0.01653
0.01652
0.01652
0.01651
0.01650
0.01650
0.01649
0.01649
0.01648
0.01648
0.01647
0.01646
0.01646
0.01645
0.01645
0.01644
0.01644
0.01643
0.01642
0.01642
0.01641
0.01640
0.01640
0.01639
0.01638
0.01638
0.01637
0.01636
0.01636
0.01635
0.01634
0.01634
0.01633
0.01632
0.01631
0.01631
0.01630
0.01629
0.01628
0.01627
0.01627
0.01626
0.01625
0.01624
0.01623
0.01622
0.01622
0.01621
0.01620
0.01619
0.01618
0.01617
0.01616
0.01615
0.01614
0.01613
0.01612
0.01611
0.01610
0.01609
0.01608
0.01607
0.01606
0.01605
0.01604
0.01602
0.01601
0.01600
0.01599
0.01598
0.01596
0.01595
0.01594
0.01593
0.01591
0.01590
0.01589
0.01587
0.01586
0.01585
0.01583
0.01582
0.01580
0.01579
0.01577
0.01576
0.01574
0.01572
0.01571
0.01569
0.01567
0.01566
0.01564
0.01562
0.01560
0.01559
0.01557
0.01555
0.01553
0.01551
0.01549
0.01547
0.01545
0.01543
0.01541
0.01539
0.01536
0.01534
0.01532
0.01530
0.01527
0.01525
0.01522
0.01520
0.01517
0.01515
0.01512
0.01510
0.01507
0.01504
0.01502
0.01499
0.01496
0.01493
0.01490
0.01487
0.01484
0.01481
0.01478
0.01475
0.01471
0.01468
0.01465
0.01461
0.01458
0.01454
0.01451
0.01447
0.01443
0.01440
0.01436
0.01432
0.01428
0.01424
0.01420
0.01416
0.01412
0.01407
0.01403
0.01399
0.01394
0.01390
0.01385
0.01381
0.01376
0.01371
0.01366
0.01361
0.01356
0.01351
0.01346
0.01341
0.01336
0.01330
0.01325
0.01319
0.01314
0.01308
0.01302
0.01296
0.01291
0.01285
0.01278
0.01272
0.01266
0.01260
0.01253
0.01247
0.01240
0.01234
0.01227
0.01220
0.01213
0.01206
0.01199
0.01192
0.01185
0.01177
0.01170
0.01162
0.01155
0.01147
0.01139
0.01131
0.01123
0.01115
0.01107
0.01099
0.01090
0.01082
0.01073
0.01064
0.01056
0.01047
0.01038
0.01029
0.01020
0.01010
0.01001
0.00992
0.00982
0.00973
0.00963
0.00953
0.00943
0.00933
0.00923
0.00913
0.00902
0.00892
0.00882
0.00871
0.00860
0.00849
0.00838
0.00827
0.00816
0.00805
0.00794
0.00782
0.00771
0.00759
0.00748
0.00736
0.00724
0.00712
0.00700
0.00688
0.00675
0.00663
0.00650
0.00638
0.00625
0.00612
0.00600
0.00587
0.00573
0.00560
0.00547
0.00534
0.00520
0.00507
0.00493
0.00479
0.00465
0.00451
0.00437
0.00423
0.00409
0.00395
0.00380
0.00366
0.00351
0.00336
0.00322
0.00307
0.00292
0.00277
0.00261
0.00246
0.00231
0.00215
0.00200
0.00184
0.00168
0.00153
0.00137
0.00121
0.00105
0.00088
0.00072
0.00056
0.00039
0.00023
0.00006
-0.00011
-0.00027
-0.00044
-0.00061
-0.00078
-0.00095
-0.00113
-0.00130
-0.00147
-0.00165
-0.00182
-0.00200
-0.00218
-0.00235
-0.00253
-0.00271
-0.00289
-0.00307
-0.00325
-0.00344
-0.00362
-0.00381
-0.00399
-0.00418
-0.00436
-0.00455
-0.00474
-0.00493
-0.00512
-0.00531
-0.00550
-0.00569
-0.00588
-0.00608
-0.00627
-0.00647
-0.00666
-0.00686
-0.00705
-0.00725
-0.00745
-0.00765
-0.00785
-0.00805
-0.00825
-0.00845
-0.00865
-0.00886
-0.00906
-0.00927
-0.00947
-0.00968
-0.00988
-0.01009
-0.01030
-0.01051
-0.01072
-0.01093
-0.01114
-0.01135
-0.01156
-0.01177
-0.01198
-0.01220
-0.01241
-0.01263
-0.01284
-0.01306
-0.01327
-0.01349
-0.01371
-0.01393
-0.01415
-0.01437
-0.01459
-0.01481
-0.01503
-0.01525
-0.01547
-0.01569
-0.01592
-0.01614
-0.01637
-0.01659
-0.01682
-0.01704
-0.01727
-0.01750
-0.01772
-0.01795
-0.01818
-0.01841
-0.01864
-0.01887