0.01932
0.01932
0.01932
0.01932
0.01932
0.01932
0.01932
0.01932
0.01932
0.01932
0.01932
0.01932
0.01932
0.01932
0.01932
0.01932
0.01932
0.01932
0.01932
0.01932
0.01932
0.01932
0.01932
0.01932
0.01932
0.01932
0.01932
0.01932
0.01932
0.01932
0.01932
0.01932
0.01932
0.01932
0.01932
0.01932
0.01932
0.01932
0.01932
0.01932
0.01932
0.01932
0.01932
0.01932
0.01932
0.01932
0.01932
0.01932
0.01932
0.01932
0.01932
0.01932
0.01932
0.01932
0.01932
0.01932
0.01932
0.01932
0.01932
0.01932
0.01932
0.01932
0.01932
0.01932
0.01932
0.01932
0.01932
0.01932
0.01932
0.01932
0.01932
0.01932
0.01932
0.01932
0.01932
0.01932
0.01932
0.01932
0.01932
0.01932
0.01932
0.01932
0.01932
0.01932
0.01932
0.01932
0.01932
0.01932
0.01932
0.01932
0.01932
0.01932
0.01932
0.01932
0.01932
0.01932
0.01932
0.01932
0.01932
0.01932
0.01932
0.01932
0.01931
0.01931
0.01931
0.01931
0.01931
0.01931
0.01931
0.01931
0.01931
0.01931
0.01931
0.01931
0.01931
0.01931
0.01931
0.01931
0.01931
0.01931
0.01931
0.01931
0.01931
0.01931
0.01931
0.01931
0.01931
0.01931
0.01931
0.01931
0.01931
0.01931
0.01931
0.01931
0.01931
0.01931
0.01931
0.01931
0.01931
0.01931
0.01931
0.01931
0.01931
0.01931
0.01931
0.01931
0.01931
0.01931
0.01931
0.01931
0.01931
0.01931
0.01931
0.01931
0.01931
0.01931
0.01931
0.01931
0.01931
0.01931
0.01931
0.01931
0.01931
0.01931
0.01931
0.01931
0.01931
0.01931
0.01931
0.01931
0.01931
0.01931
0.01931
0.01931
0.01931
0.01931
0.01931
0.01931
0.01931
0.01931
0.01931
0.01931
0.01931
0.01931
0.01931
0.01931
0.01931
0.01931
0.01931
0.01931
0.01931
0.01931
0.01931
0.01931
0.01931
0.01931
0.01931
0.01931
0.01931
0.01931
0.01931
0.01931
0.01931
0.01931
0.01931
0.01931
0.01931
0.01931
0.01931
0.01931
0.01931
0.01931
0.01931
0.01931
0.01931
0.01931
0.01931
0.01931
0.01931
0.01931
0.01931
0.01931
0.01931
0.01931
0.01931
0.01931
0.01931
0.01931
0.01931
0.01931
0.01930
0.01930
0.01930
0.01930
0.01930
0.01930
0.01930
0.01930
0.01930
0.01930
0.01930
0.01930
0.01930
0.01930
0.01930
0.01930
0.01930
0.01930
0.01930
0.01930
0.01930
0.01930
0.01930
0.01930
0.01930
0.01930
0.01930
0.01930
0.01930
0.01930
0.01930
0.01930
0.01930
0.01930
0.01930
0.01930
0.01930
0.01930
0.01930
0.01930
0.01930
0.01930
0.01930
0.01930
0.01930
0.01930
0.01930
0.01930
0.01930
0.01930
0.01930
0.01930
0.01930
0.01930
0.01930
0.01930
0.01930
0.01930
0.01930
0.01930
0.01930
0.01930
0.01930
0.01930
0.01930
0.01930
0.01930
0.01930
0.01930
0.01930
0.01930
0.01930
0.01930
0.01930
0.01930
0.01930
0.01930
0.01930
0.01930
0.01930
0.01930
0.01930
0.01930
0.01930
0.01930
0.01930
0.01930
0.01930
0.01930
0.01930
0.01930
0.01930
0.01930
0.01930
0.01930
0.01930
0.01930
0.01930
0.01930
0.01930
0.01930
0.01930
0.01930
0.01930
0.01930
0.01930
0.01930
0.01930
0.01930
0.01930
0.01930
0.01930
0.01930
0.01930
0.01930
0.01930
0.01930
0.01930
0.01930
0.01930
0.01930
0.01930
0.01930
0.01930
0.01930
0.01930
0.01930
0.01930
0.01929
0.01929
0.01929
0.01929
0.01929
0.01929
0.01929
0.01929
0.01929
0.01929
0.01929
0.01929
0.01929
0.01929
0.01929
0.01929
0.01929
0.01929
0.01929
0.01929
0.01929
0.01929
0.01929
0.01929
0.01929
0.01929
0.01929
0.01929
0.01929
0.01929
0.01929
0.01929
0.01929
0.01929
0.01929
0.01929
0.01929
0.01929
0.01929
0.01929
0.01929
0.01929
0.01929
0.01929
0.01929
0.01929
0.01929
0.01929
0.01929
0.01929
0.01929
0.01929
0.01929
0.01929
0.01929
0.01929
0.01929
0.01929
0.01929
0.01929
0.01929
0.01929
0.01929
0.01929
0.01929
0.01929
0.01929
0.01929
0.01929
0.01929
0.01929
0.01929
0.01929
0.01929
0.01929
0.01929
0.01929
0.01929
0.01929
0.01929
0.01929
0.01929
0.01929
0.01929
0.01929
0.01929
0.01929
0.01929
0.01929
0.01929
0.01929
0.01929
0.01929
0.01928
0.01928
0.01928
0.01928
0.01928
0.01928
0.01928
0.01928
0.01928
0.01928
0.01928
0.01928
0.01928
0.01928
0.01928
0.01928
0.01928
0.01928
0.01928
0.01928
0.01928
0.01928
0.01928
0.01928
0.01928
0.01928
0.01928
0.01928
0.01928
0.01928
0.01928
0.01928
0.01928
0.01928
0.01928
0.01927
0.01927
0.01927
0.01927
0.01927
0.01927
0.01927
0.01927
0.01927
0.01927
0.01927
0.01927
0.01927
0.01927
0.01927
0.01927
0.01927
0.01927
0.01926
0.01926
0.01926
0.01926
0.01926
0.01926
0.01926
0.01926
0.01926
0.01926
0.01926
0.01926
0.01925
0.01925
0.01925
0.01925
0.01925
0.01925
0.01925
0.01925
0.01925
0.01925
0.01924
0.01924
0.01924
0.01924
0.01924
0.01924
0.01924
0.01923
0.01923
0.01923
0.01923
0.01923
0.01923
0.01923
0.01922
0.01922
0.01922
0.01922
0.01922
0.01922
0.01921
0.01921
0.01921
0.01921
0.01921
0.01921
0.01920
0.01920
0.01920
0.01920
0.01920
0.01919
0.01919
0.01919
0.01919
0.01919
0.01918
0.01918
0.01918
0.01918
0.01917
0.01917
0.01917
0.01917
0.01917
0.01916
0.01916
0.01916
0.01916
0.01915
0.01915
0.01915
0.01915
0.01914
0.01914
0.01914
0.01913
0.01913
0.01913
0.01913
0.01912
0.01912
0.01912
0.01912
0.01911
0.01911
0.01911
0.01910
0.01910
0.01910
0.01910
0.01909
0.01909
0.01909
0.01908
0.01908
0.01908
0.01907
0.01907
0.01907
0.01906
0.01906
0.01906
0.01905
0.01905
0.01905
0.01905
0.01904
0.01904
0.01904
0.01903
0.01903
0.01903
0.01902
0.01902
0.01901
0.01901
0.01901
0.01900
0.01900
0.01900
0.01899
0.01899
0.01899
0.01898
0.01898
0.01898
0.01897
0.01897
0.01897
0.01896
0.01896
0.01895
0.01895
0.01895
0.01894
0.01894
0.01894
0.01893
0.01893
0.01893
0.01892
0.01892
0.01891
0.01891
0.01891
0.01890
0.01890
0.01890
0.01889
0.01889
0.01888
0.01888
0.01888
0.01887
0.01887
0.01886
0.01886
0.01886
0.01885
0.01885
0.01885
0.01884
0.01884
0.01883
0.01883
0.01883
0.01882
0.01882
0.01881
0.01881
0.01881
0.01880
0.01880
0.01879
0.01879
0.01879
0.01878
0.01878
0.01877
0.01877
0.01877
0.01876
0.01876
0.01875
0.01875
0.01874
0.01874
0.01874
0.01873
0.01873
0.01872
0.01872
0.01872
0.01871
0.01871
0.01870
0.01870
0.01870
0.01869
0.01869
0.01868
0.01868
0.01867
0.01867
0.01867
0.01866
0.01866
0.01865
0.01865
0.01864
0.01864
0.01864
0.01863
0.01863
0.01862
0.01862
0.01861
0.01861
0.01861
0.01860
0.01860
0.01859
0.01859
0.01858
0.01858
0.01858
0.01857
0.01857
0.01856
0.01856
0.01855
0.01855
0.01855
0.01854
0.01854
0.01853
0.01853
0.01852
0.01852
0.01852
0.01851
0.01851
0.01850
0.01850
0.01849
0.01849
0.01848
0.01848
0.01848
0.01847
0.01847
0.01846
0.01846
0.01845
0.01845
0.01845
0.01844
0.01844
0.01843
0.01843
0.01842
0.01842
0.01841
0.01841
0.01841
0.01840
0.01840
0.01839
0.01839
0.01838
0.01838
0.01837
0.01837
0.01836
0.01836
0.01836
0.01835
0.01835
0.01834
0.01834
0.01833
0.01833
0.01832
0.01832
0.01832
0.01831
0.01831
0.01830
0.01830
0.01829
0.01829
0.01828
0.01828
0.01827
0.01827
0.01827
0.01826
0.01826
0.01825
0.01825
0.01824
0.01824
0.01823
0.01823
0.01822
0.01822
0.01822
0.01821
0.01821
0.01820
0.01820
0.01819
0.01819
0.01818
0.01818
0.01817
0.01817
0.01817
0.01816
0.01816
0.01815
0.01815
0.01814
0.01814
0.01813
0.01813
0.01812
0.01812
0.01811
0.01811
0.01811
0.01810
0.01810
0.01809
0.01809
0.01808
0.01808
0.01807
0.01807
0.01806
0.01806
0.01805
0.01805
0.01805
0.01804
0.01804
0.01803
0.01803
0.01802
0.01802
0.01801
0.01801
0.01800
0.01800
0.01799
0.01799
0.01799
0.01798
0.01798
0.01797
0.01797
0.01796
0.01796
0.01795
0.01795
0.01794
0.01794
0.01793
0.01793
0.01792
0.01792
0.01792
0.01791
0.01791
0.01790
0.01790
0.01789
0.01789
0.01788
0.01788
0.01787
0.01787
0.01786
0.01786
0.01785
0.01785
0.01785
0.01784
0.01784
0.01783
0.01783
0.01782
0.01782
0.01781
0.01781
0.01780
0.01780
0.01779
0.01779
0.01778
0.01778
0.01777
0.01777
0.01777
0.01776
0.01776
0.01775
0.01775
0.01774
0.01774
0.01773
0.01773
0.01772
0.01772
0.01771
0.01771
0.01770
0.01770
0.01769
0.01769
0.01768
0.01768
0.01768
0.01767
0.01767
0.01766
0.01766
0.01765
0.01765
0.01764
0.01764
0.01763
0.01763
0.01762
0.01762
0.01761
0.01761
0.01760
0.01760
0.01759
0.01759
0.01759
0.01758
0.01758
0.01757
0.01757
0.01756
0.01756
0.01755
0.01755
0.01754
0.01754
0.01753
0.01753
0.01752
0.01752
0.01751
0.01751
0.01750
0.01750
0.01749
0.01749
0.01749
0.01748
0.01748
0.01747
0.01747
0.01746
0.01746
0.01745
0.01745
0.01744
0.01744
0.01743
0.01743
0.01742
0.01742
0.01741
0.01741
0.01740
0.01740
0.01739
0.01739
0.01738
0.01738
0.01737
0.01737
0.01737
0.01736
0.01736
0.01735
0.01735
0.01734
0.01734
0.01733
0.01733
0.01732
0.01732
0.01731
0.01731
0.01730
0.01730
0.01729
0.01729
0.01728
0.01728
0.01727
0.01727
0.01726
0.01726
0.01725
0.01725
0.01725
0.01724
0.01724
0.01723
0.01723
0.01722
0.01722
0.01721
0.01721
0.01720
0.01720
0.01719
0.01719
0.01718
0.01718
0.01717
0.01717
0.01716
0.01716
0.01715
0.01715
0.01714
0.01714
0.01713
0.01713
0.01712
0.01712
0.01711
0.01711
0.01711
0.01710
0.01710
0.01709
0.01709
0.01708
0.01708
0.01707
0.01707
0.01706
0.01706
0.01705
0.01705
0.01704
0.01704
0.01703
0.01703
0.01702
0.01702
0.01701
0.01701
0.01700
0.01700
0.01699
0.01699
0.01698
0.01698
0.01697
0.01697
0.01696
0.01696
0.01696
0.01695
0.01695
0.01694
0.01694
0.01693
0.01693
0.01692
0.01692
0.01691
0.01691
0.01690
0.01690
0.01689
0.01689
0.01688
0.01688
0.01687
0.01687
0.01686
0.01686
0.01685
0.01685
0.01684
0.01684
0.01683
0.01683
0.01682
0.01682
0.01681
0.01681
0.01680
0.01680
0.01679
0.01679
0.01678
0.01678
0.01678
0.01677
0.01677
0.01676
0.01676
0.01675
0.01675
0.01674
0.01674
0.01673
0.01673
0.01672
0.01672
0.01671
0.01671
0.01670
0.01670
0.01669
0.01669
0.01668
0.01668
0.01667
0.01667
0.01666
0.01666
0.01665
0.01665
0.01664
0.01664
0.01663
0.01663
0.01662
0.01662
0.01661
0.01661
0.01660
0.01660
0.01659
0.01659
0.01658
0.01658
0.01657
0.01657
0.01657
0.01656
0.01656
0.01655
0.01655
0.01654
0.01654
0.01653
0.01653
0.01652
0.01652
0.01651
0.01651
0.01650
0.01650
0.01649
0.01649
0.01648
0.01648
0.01647
0.01647
0.01646
0.01646
0.01645
0.01645
0.01644
0.01644
0.01643
0.01643
0.01642
0.01642
0.01641
0.01641
0.01640
0.01640
0.01639
0.01639
0.01638
0.01638
0.01637
0.01637
0.01636
0.01636
0.01635
0.01635
0.01634
0.01634
0.01633
0.01633
0.01632
0.01632
0.01632
0.01631
0.01631
0.01630
0.01630
0.01629
0.01629
0.01628
0.01628
0.01627
0.01627
0.01626
0.01626
0.01625
0.01625
0.01624
0.01624
0.01623
0.01623
0.01622
0.01622
0.01621
0.01621
0.01620
0.01620
0.01619
0.01619
0.01618
0.01618
0.01617
0.01617
0.01616
0.01616
0.01615
0.01615
0.01614
0.01614
0.01613
0.01613
0.01612
0.01612
0.01611
0.01611
0.01610
0.01610
0.01609
0.01609
0.01608
0.01608
0.01607
0.01607
0.01606
0.01606
0.01605
0.01605
0.01604
0.01604
0.01603
0.01603
0.01602
0.01602
0.01601
0.01601
0.01600
0.01600
0.01600
0.01599
0.01599
0.01598
0.01598
0.01597
0.01597
0.01596
0.01596
0.01595
0.01595
0.01594
0.01594
0.01593
0.01593
0.01592
0.01592
0.01591
0.01591
0.01590
0.01590
0.01589
0.01589
0.01588
0.01588
0.01587
0.01587
0.01586
0.01586
0.01585
0.01585
0.01584
0.01584
0.01583
0.01583
0.01582
0.01582
0.01581
0.01581
0.01580
0.01580
0.01579
0.01579
0.01578
0.01578
0.01577
0.01577
0.01576
0.01576
0.01575
0.01575
0.01574
0.01574
0.01573
0.01573
0.01572
0.01572
0.01571
0.01571
0.01570
0.01570
0.01569
0.01569
0.01568
0.01568
0.01567
0.01567
0.01566
0.01566
0.01565
0.01565
0.01564
0.01564
0.01563
0.01563
0.01562
0.01562
0.01561
0.01561
0.01560
0.01560
0.01559
0.01559
0.01558
0.01558
0.01557
0.01557
0.01556
0.01556
0.01555
0.01555
0.01554
0.01554
0.01553
0.01553
0.01552
0.01552
0.01551
0.01551
0.01550
0.01550
0.01549
0.01549
0.01548
0.01548
0.01547
0.01547
0.01546
0.01546
0.01545
0.01545
0.01544
0.01544
0.01543
0.01543
0.01542
0.01542
0.01541
0.01541
0.01540
0.01540
0.01539
0.01539
0.01538
0.01538
0.01537
0.01537
0.01536
0.01536
0.01535
0.01535
0.01534
0.01534
0.01533
0.01533
0.01532
0.01532
0.01531
0.01531
0.01530
0.01530
0.01529
0.01529
0.01528
0.01528
0.01527
0.01527
0.01526
0.01526
0.01525
0.01525
0.01524
0.01524
0.01523
0.01523
0.01522
0.01522
0.01521
0.01521
0.01520
0.01520
0.01519
0.01519
0.01518
0.01518
0.01517
0.01517
0.01516
0.01516
0.01515
0.01515
0.01514
0.01514
0.01513
0.01513
0.01512
0.01512
0.01511
0.01511
0.01510
0.01510
0.01509
0.01509
0.01508
0.01508
0.01507
0.01507
0.01506
0.01506
0.01505
0.01505
0.01504
0.01504
0.01503
0.01503
0.01502
0.01502
0.01501
0.01501
0.01500
0.01500
0.01499
0.01499
0.01498
0.01498
0.01497
0.01497
0.01496
0.01496
0.01495
0.01495
0.01494
0.01494
0.01493
0.01493
0.01492
0.01492
0.01491
0.01491
0.01490
0.01489
0.01489
0.01488
0.01488
0.01487
0.01487
0.01486
0.01486
0.01485
0.01485
0.01484
0.01484
0.01483
0.01483
0.01482
0.01482
0.01481
0.01481
0.01480
0.01480
0.01479
0.01479
0.01478
0.01478
0.01477
0.01476
0.01476
0.01475
0.01475
0.01474
0.01474
0.01473
0.01473
0.01472
0.01472
0.01471
0.01471
0.01470
0.01470
0.01469
0.01469
0.01468
0.01467
0.01467
0.01466
0.01466
0.01465
0.01465
0.01464
0.01464
0.01463
0.01463
0.01462
0.01462
0.01461
0.01460
0.01460
0.01459
0.01459
0.01458
0.01458
0.01457
0.01457
0.01456
0.01456
0.01455
0.01454
0.01454
0.01453
0.01453
0.01452
0.01452
0.01451
0.01450
0.01450
0.01449
0.01449
0.01448
0.01448
0.01447
0.01447
0.01446
0.01445
0.01445
0.01444
0.01444
0.01443
0.01442
0.01442
0.01441
0.01441
0.01440
0.01440
0.01439
0.01438
0.01438
0.01437
0.01437
0.01436
0.01435
0.01435
0.01434
0.01434
0.01433
0.01432
0.01432
0.01431
0.01430
0.01430
0.01429
0.01429
0.01428
0.01427
0.01427
0.01426
0.01425
0.01425
0.01424
0.01424
0.01423
0.01422
0.01422
0.01421
0.01420
0.01420
0.01419
0.01418
0.01418
0.01417
0.01416
0.01416
0.01415
0.01414
0.01413
0.01413
0.01412
0.01411
0.01411
0.01410
0.01409
0.01409
0.01408
0.01407
0.01406
0.01406
0.01405
0.01404
0.01403
0.01403
0.01402
0.01401
0.01400
0.01399
0.01399
0.01398
0.01397
0.01396
0.01396
0.01395
0.01394
0.01393
0.01392
0.01391
0.01391
0.01390
0.01389
0.01388
0.01387
0.01386
0.01385
0.01384
0.01383
0.01383
0.01382
0.01381
0.01380
0.01379
0.01378
0.01377
0.01376
0.01375
0.01374
0.01373
0.01372
0.01371
0.01370
0.01369
0.01368
0.01367
0.01365
0.01364
0.01363
0.01362
0.01361
0.01360
0.01359
0.01357
0.01356
0.01355
0.01354
0.01353
0.01351
0.01350
0.01349
0.01347
0.01346
0.01345
0.01343
0.01342
0.01341
0.01339
0.01338
0.01336
0.01335
0.01333
0.01332
0.01330
0.01329
0.01327
0.01325
0.01324
0.01322
0.01320
0.01319
0.01317
0.01315
0.01313
0.01312
0.01310
0.01308
0.01306
0.01304
0.01302
0.01300
0.01298
0.01296
0.01294
0.01292
0.01290
0.01288
0.01285
0.01283
0.01281
0.01278
0.01276
0.01274
0.01271
0.01269
0.01266
0.01264
0.01261
0.01258
0.01256
0.01253
0.01250
0.01247
0.01244
0.01241
0.01238
0.01235
0.01232
0.01229
0.01226
0.01223
0.01219
0.01216
0.01213
0.01209
0.01206
0.01202
0.01199
0.01195
0.01191
0.01187
0.01183
0.01180
0.01176
0.01171
0.01167
0.01163
0.01159
0.01155
0.01150
0.01146
0.01141
0.01137
0.01132
0.01127
0.01122
0.01117
0.01112
0.01107
0.01102
0.01097
0.01092
0.01086
0.01081
0.01075
0.01070
0.01064
0.01058
0.01053
0.01047
0.01041
0.01035
0.01028
0.01022
0.01016
0.01009
0.01003
0.00996
0.00989
0.00983
0.00976
0.00969
0.00962
0.00954
0.00947
0.00940
0.00932
0.00925
0.00917
0.00909
0.00901
0.00894
0.00885
0.00877
0.00869
0.00861
0.00852
0.00844
0.00835
0.00826
0.00818
0.00809
0.00800
0.00790
0.00781
0.00772
0.00762
0.00753
0.00743
0.00734
0.00724
0.00714
0.00704
0.00693
0.00683
0.00673
0.00662
0.00652
0.00641
0.00630
0.00619
0.00609
0.00597
0.00586
0.00575
0.00564
0.00552
0.00540
0.00529
0.00517
0.00505
0.00493
0.00481
0.00469
0.00456
0.00444
0.00431
0.00419
0.00406
0.00393
0.00380
0.00367
0.00354
0.00341
0.00328
0.00314
0.00301
0.00287
0.00273
0.00259
0.00245
0.00231
0.00217
0.00203
0.00189
0.00174
0.00160
0.00145
0.00130
0.00116
0.00101
0.00086
0.00071
0.00056
0.00040
0.00025
0.00009
-0.00006
-0.00022
-0.00038
-0.00053
-0.00069
-0.00085
-0.00101
-0.00118
-0.00134
-0.00150
-0.00167
-0.00183
-0.00200
-0.00217
-0.00234
-0.00250
-0.00267
-0.00285
-0.00302
-0.00319
-0.00336
-0.00354
-0.00371
-0.00389
-0.00406
-0.00424
-0.00442
-0.00460
-0.00478
-0.00496
-0.00514
-0.00532
-0.00551
-0.00569
-0.00588
-0.00606
-0.00625
-0.00643
-0.00662
-0.00681
-0.00700
-0.00719
-0.00738
-0.00757
-0.00777
-0.00796
-0.00815
-0.00835
-0.00854
-0.00874
-0.00894
-0.00913
-0.00933
-0.00953
-0.00973
-0.00993
-0.01013
-0.01033
-0.01053
-0.01074
-0.01094
-0.01115
-0.01135
-0.01156
-0.01176
-0.01197
-0.01218
-0.01239
-0.01259
-0.01280
-0.01301
-0.01323
-0.01344
-0.01365
-0.01386
-0.01407
-0.01429
-0.01450
-0.01472
-0.01493
-0.01515
-0.01537
-0.01558
-0.01580
-0.01602
-0.01624
-0.01646
-0.01668
-0.01690
-0.01712
-0.01735
-0.01757
-0.01779
-0.01801
-0.01824
-0.01846
-0.01869
-0.01891
-0.01914
-0.01937
-0.01960
-0.01982
-0.02005
-0.02028
-0.02051
-0.02074