0.01909
0.01909
0.01909
0.01909
0.01909
0.01909
0.01909
0.01909
0.01909
0.01909
0.01909
0.01909
0.01909
0.01909
0.01909
0.01909
0.01909
0.01909
0.01909
0.01909
0.01909
0.01909
0.01909
0.01909
0.01909
0.01909
0.01909
0.01909
0.01909
0.01909
0.01909
0.01909
0.01909
0.01909
0.01909
0.01909
0.01909
0.01909
0.01909
0.01909
0.01909
0.01909
0.01909
0.01909
0.01909
0.01909
0.01908
0.01908
0.01908
0.01908
0.01908
0.01908
0.01908
0.01908
0.01908
0.01908
0.01908
0.01908
0.01908
0.01908
0.01908
0.01908
0.01908
0.01908
0.01908
0.01908
0.01908
0.01908
0.01908
0.01908
0.01908
0.01908
0.01908
0.01908
0.01908
0.01908
0.01908
0.01908
0.01908
0.01908
0.01908
0.01908
0.01908
0.01908
0.01908
0.01908
0.01908
0.01908
0.01908
0.01908
0.01908
0.01908
0.01908
0.01908
0.01908
0.01908
0.01908
0.01908
0.01908
0.01908
0.01908
0.01908
0.01908
0.01908
0.01908
0.01908
0.01908
0.01908
0.01908
0.01908
0.01908
0.01908
0.01908
0.01908
0.01908
0.01908
0.01907
0.01907
0.01907
0.01907
0.01907
0.01907
0.01907
0.01907
0.01907
0.01907
0.01907
0.01907
0.01907
0.01907
0.01907
0.01907
0.01907
0.01907
0.01907
0.01907
0.01907
0.01907
0.01907
0.01907
0.01907
0.01907
0.01907
0.01907
0.01907
0.01907
0.01907
0.01907
0.01907
0.01907
0.01907
0.01907
0.01907
0.01907
0.01907
0.01907
0.01907
0.01907
0.01907
0.01907
0.01907
0.01907
0.01907
0.01907
0.01907
0.01907
0.01907
0.01907
0.01907
0.01907
0.01907
0.01907
0.01907
0.01907
0.01907
0.01907
0.01907
0.01907
0.01907
0.01907
0.01907
0.01907
0.01907
0.01907
0.01906
0.01906
0.01906
0.01906
0.01906
0.01906
0.01906
0.01906
0.01906
0.01906
0.01906
0.01906
0.01906
0.01906
0.01906
0.01906
0.01906
0.01906
0.01906
0.01906
0.01906
0.01906
0.01906
0.01906
0.01906
0.01906
0.01906
0.01906
0.01906
0.01906
0.01906
0.01906
0.01906
0.01906
0.01906
0.01906
0.01906
0.01906
0.01906
0.01906
0.01906
0.01906
0.01906
0.01906
0.01906
0.01906
0.01906
0.01906
0.01906
0.01906
0.01906
0.01906
0.01906
0.01906
0.01906
0.01906
0.01906
0.01906
0.01906
0.01906
0.01906
0.01905
0.01905
0.01905
0.01905
0.01905
0.01905
0.01905
0.01905
0.01905
0.01905
0.01905
0.01905
0.01905
0.01905
0.01905
0.01905
0.01905
0.01905
0.01905
0.01905
0.01905
0.01905
0.01905
0.01905
0.01905
0.01905
0.01905
0.01905
0.01905
0.01905
0.01905
0.01905
0.01905
0.01905
0.01905
0.01905
0.01905
0.01905
0.01905
0.01905
0.01905
0.01905
0.01905
0.01905
0.01905
0.01905
0.01905
0.01905
0.01905
0.01905
0.01905
0.01905
0.01904
0.01904
0.01904
0.01904
0.01904
0.01904
0.01904
0.01904
0.01904
0.01904
0.01904
0.01904
0.01904
0.01904
0.01904
0.01904
0.01904
0.01904
0.01904
0.01904
0.01904
0.01904
0.01904
0.01904
0.01904
0.01904
0.01904
0.01904
0.01904
0.01904
0.01904
0.01904
0.01904
0.01904
0.01904
0.01904
0.01904
0.01904
0.01904
0.01904
0.01904
0.01904
0.01904
0.01903
0.01903
0.01903
0.01903
0.01903
0.01903
0.01903
0.01903
0.01903
0.01903
0.01903
0.01903
0.01903
0.01903
0.01903
0.01903
0.01903
0.01903
0.01903
0.01903
0.01903
0.01903
0.01903
0.01903
0.01903
0.01903
0.01903
0.01903
0.01903
0.01903
0.01903
0.01903
0.01903
0.01903
0.01903
0.01903
0.01902
0.01902
0.01902
0.01902
0.01902
0.01902
0.01902
0.01902
0.01902
0.01902
0.01902
0.01902
0.01902
0.01902
0.01902
0.01902
0.01902
0.01902
0.01902
0.01902
0.01902
0.01902
0.01902
0.01902
0.01902
0.01902
0.01902
0.01902
0.01902
0.01902
0.01902
0.01901
0.01901
0.01901
0.01901
0.01901
0.01901
0.01901
0.01901
0.01901
0.01901
0.01901
0.01901
0.01901
0.01901
0.01901
0.01901
0.01901
0.01901
0.01901
0.01901
0.01901
0.01901
0.01901
0.01901
0.01901
0.01901
0.01900
0.01900
0.01900
0.01900
0.01900
0.01900
0.01900
0.01900
0.01900
0.01900
0.01900
0.01900
0.01900
0.01900
0.01900
0.01900
0.01900
0.01900
0.01900
0.01900
0.01900
0.01900
0.01900
0.01900
0.01899
0.01899
0.01899
0.01899
0.01899
0.01899
0.01899
0.01899
0.01899
0.01899
0.01899
0.01899
0.01899
0.01899
0.01899
0.01899
0.01899
0.01899
0.01899
0.01899
0.01899
0.01899
0.01898
0.01898
0.01898
0.01898
0.01898
0.01898
0.01898
0.01898
0.01898
0.01898
0.01898
0.01898
0.01898
0.01898
0.01898
0.01898
0.01898
0.01898
0.01898
0.01898
0.01897
0.01897
0.01897
0.01897
0.01897
0.01897
0.01897
0.01897
0.01897
0.01897
0.01897
0.01897
0.01897
0.01897
0.01897
0.01897
0.01897
0.01897
0.01896
0.01896
0.01896
0.01896
0.01896
0.01896
0.01896
0.01896
0.01896
0.01896
0.01896
0.01896
0.01896
0.01896
0.01896
0.01896
0.01896
0.01896
0.01895
0.01895
0.01895
0.01895
0.01895
0.01895
0.01895
0.01895
0.01895
0.01895
0.01895
0.01895
0.01895
0.01895
0.01895
0.01895
0.01895
0.01894
0.01894
0.01894
0.01894
0.01894
0.01894
0.01894
0.01894
0.01894
0.01894
0.01894
0.01894
0.01894
0.01894
0.01894
0.01894
0.01893
0.01893
0.01893
0.01893
0.01893
0.01893
0.01893
0.01893
0.01893
0.01893
0.01893
0.01893
0.01893
0.01893
0.01893
0.01893
0.01892
0.01892
0.01892
0.01892
0.01892
0.01892
0.01892
0.01892
0.01892
0.01892
0.01892
0.01892
0.01892
0.01892
0.01892
0.01892
0.01891
0.01891
0.01891
0.01891
0.01891
0.01891
0.01891
0.01891
0.01891
0.01891
0.01891
0.01891
0.01891
0.01891
0.01891
0.01890
0.01890
0.01890
0.01890
0.01890
0.01890
0.01890
0.01890
0.01890
0.01890
0.01890
0.01890
0.01890
0.01890
0.01890
0.01889
0.01889
0.01889
0.01889
0.01889
0.01889
0.01889
0.01889
0.01889
0.01889
0.01889
0.01889
0.01889
0.01889
0.01889
0.01888
0.01888
0.01888
0.01888
0.01888
0.01888
0.01888
0.01888
0.01888
0.01888
0.01888
0.01888
0.01888
0.01888
0.01887
0.01887
0.01887
0.01887
0.01887
0.01887
0.01887
0.01887
0.01887
0.01887
0.01887
0.01887
0.01887
0.01887
0.01887
0.01886
0.01886
0.01886
0.01886
0.01886
0.01886
0.01886
0.01886
0.01886
0.01886
0.01886
0.01886
0.01886
0.01886
0.01885
0.01885
0.01885
0.01885
0.01885
0.01885
0.01885
0.01885
0.01885
0.01885
0.01885
0.01885
0.01885
0.01885
0.01884
0.01884
0.01884
0.01884
0.01884
0.01884
0.01884
0.01884
0.01884
0.01884
0.01884
0.01884
0.01884
0.01884
0.01883
0.01883
0.01883
0.01883
0.01883
0.01883
0.01883
0.01883
0.01883
0.01883
0.01883
0.01883
0.01883
0.01883
0.01882
0.01882
0.01882
0.01882
0.01882
0.01882
0.01882
0.01882
0.01882
0.01882
0.01882
0.01882
0.01882
0.01882
0.01881
0.01881
0.01881
0.01881
0.01881
0.01881
0.01881
0.01881
0.01881
0.01881
0.01881
0.01881
0.01881
0.01881
0.01880
0.01880
0.01880
0.01880
0.01880
0.01880
0.01880
0.01880
0.01880
0.01880
0.01880
0.01880
0.01880
0.01880
0.01879
0.01879
0.01879
0.01879
0.01879
0.01879
0.01879
0.01879
0.01879
0.01879
0.01879
0.01879
0.01879
0.01879
0.01878
0.01878
0.01878
0.01878
0.01878
0.01878
0.01878
0.01878
0.01878
0.01878
0.01878
0.01878
0.01878
0.01877
0.01877
0.01877
0.01877
0.01877
0.01877
0.01877
0.01877
0.01877
0.01877
0.01877
0.01877
0.01877
0.01877
0.01876
0.01876
0.01876
0.01876
0.01876
0.01876
0.01876
0.01876
0.01876
0.01876
0.01876
0.01876
0.01876
0.01876
0.01875
0.01875
0.01875
0.01875
0.01875
0.01875
0.01875
0.01875
0.01875
0.01875
0.01875
0.01875
0.01875
0.01874
0.01874
0.01874
0.01874
0.01874
0.01874
0.01874
0.01874
0.01874
0.01874
0.01874
0.01874
0.01874
0.01874
0.01873
0.01873
0.01873
0.01873
0.01873
0.01873
0.01873
0.01873
0.01873
0.01873
0.01873
0.01873
0.01873
0.01872
0.01872
0.01872
0.01872
0.01872
0.01872
0.01872
0.01872
0.01872
0.01872
0.01872
0.01872
0.01872
0.01872
0.01871
0.01871
0.01871
0.01871
0.01871
0.01871
0.01871
0.01871
0.01871
0.01871
0.01871
0.01871
0.01871
0.01870
0.01870
0.01870
0.01870
0.01870
0.01870
0.01870
0.01870
0.01870
0.01870
0.01870
0.01870
0.01870
0.01870
0.01869
0.01869
0.01869
0.01869
0.01869
0.01869
0.01869
0.01869
0.01869
0.01869
0.01869
0.01869
0.01869
0.01868
0.01868
0.01868
0.01868
0.01868
0.01868
0.01868
0.01868
0.01868
0.01868
0.01868
0.01868
0.01868
0.01868
0.01867
0.01867
0.01867
0.01867
0.01867
0.01867
0.01867
0.01867
0.01867
0.01867
0.01867
0.01867
0.01867
0.01866
0.01866
0.01866
0.01866
0.01866
0.01866
0.01866
0.01866
0.01866
0.01866
0.01866
0.01866
0.01866
0.01865
0.01865
0.01865
0.01865
0.01865
0.01865
0.01865
0.01865
0.01865
0.01865
0.01865
0.01865
0.01865
0.01865
0.01864
0.01864
0.01864
0.01864
0.01864
0.01864
0.01864
0.01864
0.01864
0.01864
0.01864
0.01864
0.01864
0.01863
0.01863
0.01863
0.01863
0.01863
0.01863
0.01863
0.01863
0.01863
0.01863
0.01863
0.01863
0.01863
0.01862
0.01862
0.01862
0.01862
0.01862
0.01862
0.01862
0.01862
0.01862
0.01862
0.01862
0.01862
0.01862
0.01862
0.01861
0.01861
0.01861
0.01861
0.01861
0.01861
0.01861
0.01861
0.01861
0.01861
0.01861
0.01861
0.01861
0.01860
0.01860
0.01860
0.01860
0.01860
0.01860
0.01860
0.01860
0.01860
0.01860
0.01860
0.01860
0.01860
0.01859
0.01859
0.01859
0.01859
0.01859
0.01859
0.01859
0.01859
0.01859
0.01859
0.01859
0.01859
0.01859
0.01858
0.01858
0.01858
0.01858
0.01858
0.01858
0.01858
0.01858
0.01858
0.01858
0.01858
0.01858
0.01858
0.01858
0.01857
0.01857
0.01857
0.01857
0.01857
0.01857
0.01857
0.01857
0.01857
0.01857
0.01857
0.01857
0.01857
0.01856
0.01856
0.01856
0.01856
0.01856
0.01856
0.01856
0.01856
0.01856
0.01856
0.01856
0.01856
0.01856
0.01855
0.01855
0.01855
0.01855
0.01855
0.01855
0.01855
0.01855
0.01855
0.01855
0.01855
0.01855
0.01855
0.01854
0.01854
0.01854
0.01854
0.01854
0.01854
0.01854
0.01854
0.01854
0.01854
0.01854
0.01854
0.01854
0.01853
0.01853
0.01853
0.01853
0.01853
0.01853
0.01853
0.01853
0.01853
0.01853
0.01853
0.01853
0.01853
0.01853
0.01852
0.01852
0.01852
0.01852
0.01852
0.01852
0.01852
0.01852
0.01852
0.01852
0.01852
0.01852
0.01852
0.01851
0.01851
0.01851
0.01851
0.01851
0.01851
0.01851
0.01851
0.01851
0.01851
0.01851
0.01851
0.01851
0.01850
0.01850
0.01850
0.01850
0.01850
0.01850
0.01850
0.01850
0.01850
0.01850
0.01850
0.01850
0.01850
0.01849
0.01849
0.01849
0.01849
0.01849
0.01849
0.01849
0.01849
0.01849
0.01849
0.01849
0.01849
0.01849
0.01848
0.01848
0.01848
0.01848
0.01848
0.01848
0.01848
0.01848
0.01848
0.01848
0.01848
0.01848
0.01848
0.01847
0.01847
0.01847
0.01847
0.01847
0.01847
0.01847
0.01847
0.01847
0.01847
0.01847
0.01847
0.01847
0.01846
0.01846
0.01846
0.01846
0.01846
0.01846
0.01846
0.01846
0.01846
0.01846
0.01846
0.01846
0.01846
0.01845
0.01845
0.01845
0.01845
0.01845
0.01845
0.01845
0.01845
0.01845
0.01845
0.01845
0.01845
0.01845
0.01844
0.01844
0.01844
0.01844
0.01844
0.01844
0.01844
0.01844
0.01844
0.01844
0.01844
0.01844
0.01844
0.01843
0.01843
0.01843
0.01843
0.01843
0.01843
0.01843
0.01843
0.01843
0.01843
0.01843
0.01843
0.01843
0.01842
0.01842
0.01842
0.01842
0.01842
0.01842
0.01842
0.01842
0.01842
0.01842
0.01842
0.01842
0.01842
0.01841
0.01841
0.01841
0.01841
0.01841
0.01841
0.01841
0.01841
0.01841
0.01841
0.01841
0.01841
0.01841
0.01840
0.01840
0.01840
0.01840
0.01840
0.01840
0.01840
0.01840
0.01840
0.01840
0.01840
0.01840
0.01840
0.01839
0.01839
0.01839
0.01839
0.01839
0.01839
0.01839
0.01839
0.01839
0.01839
0.01839
0.01839
0.01839
0.01838
0.01838
0.01838
0.01838
0.01838
0.01838
0.01838
0.01838
0.01838
0.01838
0.01838
0.01838
0.01838
0.01837
0.01837
0.01837
0.01837
0.01837
0.01837
0.01837
0.01837
0.01837
0.01837
0.01837
0.01837
0.01837
0.01836
0.01836
0.01836
0.01836
0.01836
0.01836
0.01836
0.01836
0.01836
0.01836
0.01836
0.01836
0.01836
0.01835
0.01835
0.01835
0.01835
0.01835
0.01835
0.01835
0.01835
0.01835
0.01835
0.01835
0.01835
0.01834
0.01834
0.01834
0.01834
0.01834
0.01834
0.01834
0.01834
0.01834
0.01834
0.01834
0.01834
0.01834
0.01833
0.01833
0.01833
0.01833
0.01833
0.01833
0.01833
0.01833
0.01833
0.01833
0.01833
0.01833
0.01832
0.01832
0.01832
0.01832
0.01832
0.01832
0.01832
0.01832
0.01832
0.01832
0.01832
0.01832
0.01832
0.01831
0.01831
0.01831
0.01831
0.01831
0.01831
0.01831
0.01831
0.01831
0.01831
0.01831
0.01831
0.01830
0.01830
0.01830
0.01830
0.01830
0.01830
0.01830
0.01830
0.01830
0.01830
0.01830
0.01829
0.01829
0.01829
0.01829
0.01829
0.01829
0.01829
0.01829
0.01829
0.01829
0.01829
0.01829
0.01828
0.01828
0.01828
0.01828
0.01828
0.01828
0.01828
0.01828
0.01828
0.01828
0.01828
0.01827
0.01827
0.01827
0.01827
0.01827
0.01827
0.01827
0.01827
0.01827
0.01827
0.01827
0.01826
0.01826
0.01826
0.01826
0.01826
0.01826
0.01826
0.01826
0.01826
0.01826
0.01826
0.01825
0.01825
0.01825
0.01825
0.01825
0.01825
0.01825
0.01825
0.01825
0.01825
0.01824
0.01824
0.01824
0.01824
0.01824
0.01824
0.01824
0.01824
0.01824
0.01823
0.01823
0.01823
0.01823
0.01823
0.01823
0.01823
0.01823
0.01823
0.01823
0.01822
0.01822
0.01822
0.01822
0.01822
0.01822
0.01822
0.01822
0.01821
0.01821
0.01821
0.01821
0.01821
0.01821
0.01821
0.01821
0.01820
0.01820
0.01820
0.01820
0.01820
0.01820
0.01820
0.01820
0.01819
0.01819
0.01819
0.01819
0.01819
0.01819
0.01819
0.01819
0.01818
0.01818
0.01818
0.01818
0.01818
0.01818
0.01818
0.01817
0.01817
0.01817
0.01817
0.01817
0.01817
0.01816
0.01816
0.01816
0.01816
0.01816
0.01816
0.01815
0.01815
0.01815
0.01815
0.01815
0.01815
0.01814
0.01814
0.01814
0.01814
0.01814
0.01813
0.01813
0.01813
0.01813
0.01813
0.01812
0.01812
0.01812
0.01812
0.01812
0.01811
0.01811
0.01811
0.01811
0.01811
0.01810
0.01810
0.01810
0.01810
0.01809
0.01809
0.01809
0.01809
0.01808
0.01808
0.01808
0.01808
0.01807
0.01807
0.01807
0.01807
0.01806
0.01806
0.01806
0.01805
0.01805
0.01805
0.01805
0.01804
0.01804
0.01804
0.01803
0.01803
0.01803
0.01802
0.01802
0.01802
0.01801
0.01801
0.01801
0.01800
0.01800
0.01799
0.01799
0.01799
0.01798
0.01798
0.01797
0.01797
0.01797
0.01796
0.01796
0.01795
0.01795
0.01794
0.01794
0.01793
0.01793
0.01792
0.01792
0.01792
0.01791
0.01790
0.01790
0.01789
0.01789
0.01788
0.01788
0.01787
0.01787
0.01786
0.01785
0.01785
0.01784
0.01784
0.01783
0.01782
0.01782
0.01781
0.01780
0.01780
0.01779
0.01778
0.01778
0.01777
0.01776
0.01775
0.01775
0.01774
0.01773
0.01772
0.01771
0.01770
0.01770
0.01769
0.01768
0.01767
0.01766
0.01765
0.01764
0.01763
0.01762
0.01761
0.01760
0.01759
0.01758
0.01757
0.01756
0.01755
0.01754
0.01753
0.01752
0.01750
0.01749
0.01748
0.01747
0.01745
0.01744
0.01743
0.01742
0.01740
0.01739
0.01737
0.01736
0.01735
0.01733
0.01732
0.01730
0.01729
0.01727
0.01725
0.01724
0.01722
0.01721
0.01719
0.01717
0.01715
0.01714
0.01712
0.01710
0.01708
0.01706
0.01704
0.01702
0.01700
0.01698
0.01696
0.01694
0.01692
0.01690
0.01688
0.01685
0.01683
0.01681
0.01678
0.01676
0.01673
0.01671
0.01668
0.01666
0.01663
0.01661
0.01658
0.01655
0.01653
0.01650
0.01647
0.01644
0.01641
0.01638
0.01635
0.01632
0.01629
0.01626
0.01622
0.01619
0.01616
0.01612
0.01609
0.01605
0.01602
0.01598
0.01595
0.01591
0.01587
0.01583
0.01579
0.01575
0.01571
0.01567
0.01563
0.01559
0.01555
0.01551
0.01546
0.01542
0.01537
0.01533
0.01528
0.01523
0.01519
0.01514
0.01509
0.01504
0.01499
0.01494
0.01489
0.01483
0.01478
0.01473
0.01467
0.01462
0.01456
0.01451
0.01445
0.01439
0.01433
0.01427
0.01421
0.01415
0.01409
0.01402
0.01396
0.01390
0.01383
0.01376
0.01370
0.01363
0.01356
0.01349
0.01342
0.01335
0.01328
0.01321
0.01313
0.01306
0.01298
0.01291
0.01283
0.01275
0.01267
0.01259
0.01251
0.01243
0.01235
0.01227
0.01218
0.01210
0.01201
0.01192
0.01184
0.01175
0.01166
0.01157
0.01148
0.01138
0.01129
0.01120
0.01110
0.01100
0.01091
0.01081
0.01071
0.01061
0.01051
0.01041
0.01031
0.01020
0.01010
0.00999
0.00988
0.00978
0.00967
0.00956
0.00945
0.00934
0.00923
0.00911
0.00900
0.00888
0.00877
0.00865
0.00853
0.00841
0.00829
0.00817
0.00805
0.00793
0.00780
0.00768
0.00755
0.00743
0.00730
0.00717
0.00704
0.00691
0.00678
0.00665
0.00651
0.00638
0.00624
0.00611
0.00597
0.00583
0.00569
0.00555
0.00541
0.00527
0.00513
0.00498
0.00484
0.00469
0.00455
0.00440
0.00425
0.00410
0.00395
0.00380
0.00365
0.00350
0.00334
0.00319
0.00303
0.00288
0.00272
0.00256
0.00240
0.00224
0.00208
0.00192
0.00176
0.00160
0.00143
0.00127
0.00110
0.00094
0.00077
0.00060
0.00043
0.00026
0.00009
-0.00008
-0.00025
-0.00043
-0.00060
-0.00077
-0.00095
-0.00113
-0.00130
-0.00148
-0.00166
-0.00184
-0.00202
-0.00220
-0.00238
-0.00257
-0.00275
-0.00293
-0.00312
-0.00330
-0.00349
-0.00368
-0.00386
-0.00405
-0.00424
-0.00443
-0.00462
-0.00481
-0.00501
-0.00520
-0.00539
-0.00559
-0.00578
-0.00598
-0.00617
-0.00637
-0.00657
-0.00677
-0.00697
-0.00717
-0.00737
-0.00757
-0.00777
-0.00797
-0.00818
-0.00838
-0.00858
-0.00879
-0.00899
-0.00920
-0.00941
-0.00961
-0.00982
-0.01003
-0.01024
-0.01045
-0.01066
-0.01087
-0.01108
-0.01130
-0.01151
-0.01172
-0.01194
-0.01215
-0.01237
-0.01258
-0.01280
-0.01302
-0.01323
-0.01345
-0.01367
-0.01389
-0.01411
-0.01433
-0.01455
-0.01477
-0.01499
-0.01522
-0.01544
-0.01566
-0.01589
-0.01611
-0.01634
-0.01656
-0.01679
-0.01701
-0.01724