0.01914
0.01914
0.01914
0.01914
0.01914
0.01914
0.01914
0.01913
0.01913
0.01913
0.01913
0.01913
0.01913
0.01913
0.01913
0.01913
0.01913
0.01913
0.01913
0.01913
0.01913
0.01913
0.01913
0.01913
0.01913
0.01913
0.01913
0.01913
0.01913
0.01913
0.01913
0.01913
0.01913
0.01913
0.01913
0.01913
0.01913
0.01913
0.01913
0.01913
0.01913
0.01913
0.01913
0.01913
0.01913
0.01913
0.01913
0.01913
0.01913
0.01913
0.01913
0.01913
0.01913
0.01913
0.01913
0.01913
0.01913
0.01913
0.01913
0.01913
0.01913
0.01913
0.01913
0.01913
0.01913
0.01913
0.01913
0.01913
0.01913
0.01913
0.01913
0.01913
0.01913
0.01913
0.01913
0.01913
0.01913
0.01913
0.01913
0.01913
0.01913
0.01913
0.01913
0.01913
0.01913
0.01912
0.01912
0.01912
0.01912
0.01912
0.01912
0.01912
0.01912
0.01912
0.01912
0.01912
0.01912
0.01912
0.01912
0.01912
0.01912
0.01912
0.01912
0.01912
0.01912
0.01912
0.01912
0.01912
0.01912
0.01912
0.01912
0.01912
0.01912
0.01912
0.01912
0.01912
0.01912
0.01912
0.01912
0.01912
0.01912
0.01912
0.01912
0.01912
0.01912
0.01912
0.01912
0.01912
0.01912
0.01912
0.01912
0.01912
0.01912
0.01912
0.01912
0.01912
0.01912
0.01912
0.01912
0.01912
0.01912
0.01912
0.01912
0.01912
0.01912
0.01912
0.01912
0.01912
0.01912
0.01912
0.01912
0.01912
0.01912
0.01912
0.01912
0.01912
0.01912
0.01912
0.01912
0.01912
0.01911
0.01911
0.01911
0.01911
0.01911
0.01911
0.01911
0.01911
0.01911
0.01911
0.01911
0.01911
0.01911
0.01911
0.01911
0.01911
0.01911
0.01911
0.01911
0.01911
0.01911
0.01911
0.01911
0.01911
0.01911
0.01911
0.01911
0.01911
0.01911
0.01911
0.01911
0.01911
0.01911
0.01911
0.01911
0.01911
0.01911
0.01911
0.01911
0.01911
0.01911
0.01911
0.01911
0.01911
0.01911
0.01911
0.01911
0.01911
0.01911
0.01911
0.01911
0.01911
0.01911
0.01911
0.01911
0.01911
0.01911
0.01911
0.01911
0.01911
0.01911
0.01911
0.01911
0.01911
0.01911
0.01911
0.01910
0.01910
0.01910
0.01910
0.01910
0.01910
0.01910
0.01910
0.01910
0.01910
0.01910
0.01910
0.01910
0.01910
0.01910
0.01910
0.01910
0.01910
0.01910
0.01910
0.01910
0.01910
0.01910
0.01910
0.01910
0.01910
0.01910
0.01910
0.01910
0.01910
0.01910
0.01910
0.01910
0.01910
0.01910
0.01910
0.01910
0.01910
0.01910
0.01910
0.01910
0.01910
0.01910
0.01910
0.01910
0.01910
0.01910
0.01910
0.01910
0.01910
0.01910
0.01910
0.01910
0.01910
0.01909
0.01909
0.01909
0.01909
0.01909
0.01909
0.01909
0.01909
0.01909
0.01909
0.01909
0.01909
0.01909
0.01909
0.01909
0.01909
0.01909
0.01909
0.01909
0.01909
0.01909
0.01909
0.01909
0.01909
0.01909
0.01909
0.01909
0.01909
0.01909
0.01909
0.01909
0.01909
0.01909
0.01909
0.01909
0.01909
0.01909
0.01909
0.01909
0.01909
0.01909
0.01908
0.01908
0.01908
0.01908
0.01908
0.01908
0.01908
0.01908
0.01908
0.01908
0.01908
0.01908
0.01908
0.01908
0.01908
0.01908
0.01908
0.01908
0.01908
0.01908
0.01908
0.01908
0.01908
0.01908
0.01908
0.01908
0.01908
0.01908
0.01908
0.01908
0.01908
0.01908
0.01908
0.01907
0.01907
0.01907
0.01907
0.01907
0.01907
0.01907
0.01907
0.01907
0.01907
0.01907
0.01907
0.01907
0.01907
0.01907
0.01907
0.01907
0.01907
0.01907
0.01907
0.01907
0.01907
0.01907
0.01907
0.01907
0.01907
0.01907
0.01906
0.01906
0.01906
0.01906
0.01906
0.01906
0.01906
0.01906
0.01906
0.01906
0.01906
0.01906
0.01906
0.01906
0.01906
0.01906
0.01906
0.01906
0.01906
0.01906
0.01906
0.01906
0.01906
0.01905
0.01905
0.01905
0.01905
0.01905
0.01905
0.01905
0.01905
0.01905
0.01905
0.01905
0.01905
0.01905
0.01905
0.01905
0.01905
0.01905
0.01905
0.01905
0.01904
0.01904
0.01904
0.01904
0.01904
0.01904
0.01904
0.01904
0.01904
0.01904
0.01904
0.01904
0.01904
0.01904
0.01904
0.01904
0.01904
0.01904
0.01903
0.01903
0.01903
0.01903
0.01903
0.01903
0.01903
0.01903
0.01903
0.01903
0.01903
0.01903
0.01903
0.01903
0.01903
0.01902
0.01902
0.01902
0.01902
0.01902
0.01902
0.01902
0.01902
0.01902
0.01902
0.01902
0.01902
0.01902
0.01902
0.01902
0.01901
0.01901
0.01901
0.01901
0.01901
0.01901
0.01901
0.01901
0.01901
0.01901
0.01901
0.01901
0.01901
0.01900
0.01900
0.01900
0.01900
0.01900
0.01900
0.01900
0.01900
0.01900
0.01900
0.01900
0.01900
0.01900
0.01899
0.01899
0.01899
0.01899
0.01899
0.01899
0.01899
0.01899
0.01899
0.01899
0.01899
0.01898
0.01898
0.01898
0.01898
0.01898
0.01898
0.01898
0.01898
0.01898
0.01898
0.01898
0.01898
0.01897
0.01897
0.01897
0.01897
0.01897
0.01897
0.01897
0.01897
0.01897
0.01897
0.01896
0.01896
0.01896
0.01896
0.01896
0.01896
0.01896
0.01896
0.01896
0.01896
0.01896
0.01895
0.01895
0.01895
0.01895
0.01895
0.01895
0.01895
0.01895
0.01895
0.01895
0.01894
0.01894
0.01894
0.01894
0.01894
0.01894
0.01894
0.01894
0.01894
0.01893
0.01893
0.01893
0.01893
0.01893
0.01893
0.01893
0.01893
0.01893
0.01893
0.01892
0.01892
0.01892
0.01892
0.01892
0.01892
0.01892
0.01892
0.01892
0.01891
0.01891
0.01891
0.01891
0.01891
0.01891
0.01891
0.01891
0.01891
0.01890
0.01890
0.01890
0.01890
0.01890
0.01890
0.01890
0.01890
0.01890
0.01889
0.01889
0.01889
0.01889
0.01889
0.01889
0.01889
0.01889
0.01889
0.01888
0.01888
0.01888
0.01888
0.01888
0.01888
0.01888
0.01888
0.01887
0.01887
0.01887
0.01887
0.01887
0.01887
0.01887
0.01887
0.01887
0.01886
0.01886
0.01886
0.01886
0.01886
0.01886
0.01886
0.01886
0.01885
0.01885
0.01885
0.01885
0.01885
0.01885
0.01885
0.01885
0.01885
0.01884
0.01884
0.01884
0.01884
0.01884
0.01884
0.01884
0.01884
0.01883
0.01883
0.01883
0.01883
0.01883
0.01883
0.01883
0.01883
0.01882
0.01882
0.01882
0.01882
0.01882
0.01882
0.01882
0.01882
0.01881
0.01881
0.01881
0.01881
0.01881
0.01881
0.01881
0.01881
0.01881
0.01880
0.01880
0.01880
0.01880
0.01880
0.01880
0.01880
0.01880
0.01879
0.01879
0.01879
0.01879
0.01879
0.01879
0.01879
0.01879
0.01878
0.01878
0.01878
0.01878
0.01878
0.01878
0.01878
0.01878
0.01877
0.01877
0.01877
0.01877
0.01877
0.01877
0.01877
0.01877
0.01876
0.01876
0.01876
0.01876
0.01876
0.01876
0.01876
0.01876
0.01875
0.01875
0.01875
0.01875
0.01875
0.01875
0.01875
0.01875
0.01874
0.01874
0.01874
0.01874
0.01874
0.01874
0.01874
0.01873
0.01873
0.01873
0.01873
0.01873
0.01873
0.01873
0.01873
0.01872
0.01872
0.01872
0.01872
0.01872
0.01872
0.01872
0.01872
0.01871
0.01871
0.01871
0.01871
0.01871
0.01871
0.01871
0.01871
0.01870
0.01870
0.01870
0.01870
0.01870
0.01870
0.01870
0.01870
0.01869
0.01869
0.01869
0.01869
0.01869
0.01869
0.01869
0.01868
0.01868
0.01868
0.01868
0.01868
0.01868
0.01868
0.01868
0.01867
0.01867
0.01867
0.01867
0.01867
0.01867
0.01867
0.01867
0.01866
0.01866
0.01866
0.01866
0.01866
0.01866
0.01866
0.01866
0.01865
0.01865
0.01865
0.01865
0.01865
0.01865
0.01865
0.01864
0.01864
0.01864
0.01864
0.01864
0.01864
0.01864
0.01864
0.01863
0.01863
0.01863
0.01863
0.01863
0.01863
0.01863
0.01863
0.01862
0.01862
0.01862
0.01862
0.01862
0.01862
0.01862
0.01861
0.01861
0.01861
0.01861
0.01861
0.01861
0.01861
0.01861
0.01860
0.01860
0.01860
0.01860
0.01860
0.01860
0.01860
0.01859
0.01859
0.01859
0.01859
0.01859
0.01859
0.01859
0.01859
0.01858
0.01858
0.01858
0.01858
0.01858
0.01858
0.01858
0.01858
0.01857
0.01857
0.01857
0.01857
0.01857
0.01857
0.01857
0.01856
0.01856
0.01856
0.01856
0.01856
0.01856
0.01856
0.01856
0.01855
0.01855
0.01855
0.01855
0.01855
0.01855
0.01855
0.01854
0.01854
0.01854
0.01854
0.01854
0.01854
0.01854
0.01854
0.01853
0.01853
0.01853
0.01853
0.01853
0.01853
0.01853
0.01852
0.01852
0.01852
0.01852
0.01852
0.01852
0.01852
0.01852
0.01851
0.01851
0.01851
0.01851
0.01851
0.01851
0.01851
0.01850
0.01850
0.01850
0.01850
0.01850
0.01850
0.01850
0.01850
0.01849
0.01849
0.01849
0.01849
0.01849
0.01849
0.01849
0.01848
0.01848
0.01848
0.01848
0.01848
0.01848
0.01848
0.01848
0.01847
0.01847
0.01847
0.01847
0.01847
0.01847
0.01847
0.01846
0.01846
0.01846
0.01846
0.01846
0.01846
0.01846
0.01846
0.01845
0.01845
0.01845
0.01845
0.01845
0.01845
0.01845
0.01844
0.01844
0.01844
0.01844
0.01844
0.01844
0.01844
0.01844
0.01843
0.01843
0.01843
0.01843
0.01843
0.01843
0.01843
0.01842
0.01842
0.01842
0.01842
0.01842
0.01842
0.01842
0.01842
0.01841
0.01841
0.01841
0.01841
0.01841
0.01841
0.01841
0.01840
0.01840
0.01840
0.01840
0.01840
0.01840
0.01840
0.01839
0.01839
0.01839
0.01839
0.01839
0.01839
0.01839
0.01839
0.01838
0.01838
0.01838
0.01838
0.01838
0.01838
0.01838
0.01837
0.01837
0.01837
0.01837
0.01837
0.01837
0.01837
0.01837
0.01836
0.01836
0.01836
0.01836
0.01836
0.01836
0.01836
0.01835
0.01835
0.01835
0.01835
0.01835
0.01835
0.01835
0.01835
0.01834
0.01834
0.01834
0.01834
0.01834
0.01834
0.01834
0.01833
0.01833
0.01833
0.01833
0.01833
0.01833
0.01833
0.01832
0.01832
0.01832
0.01832
0.01832
0.01832
0.01832
0.01832
0.01831
0.01831
0.01831
0.01831
0.01831
0.01831
0.01831
0.01830
0.01830
0.01830
0.01830
0.01830
0.01830
0.01830
0.01830
0.01829
0.01829
0.01829
0.01829
0.01829
0.01829
0.01829
0.01828
0.01828
0.01828
0.01828
0.01828
0.01828
0.01828
0.01827
0.01827
0.01827
0.01827
0.01827
0.01827
0.01827
0.01827
0.01826
0.01826
0.01826
0.01826
0.01826
0.01826
0.01826
0.01825
0.01825
0.01825
0.01825
0.01825
0.01825
0.01825
0.01824
0.01824
0.01824
0.01824
0.01824
0.01824
0.01824
0.01824
0.01823
0.01823
0.01823
0.01823
0.01823
0.01823
0.01823
0.01822
0.01822
0.01822
0.01822
0.01822
0.01822
0.01822
0.01821
0.01821
0.01821
0.01821
0.01821
0.01821
0.01821
0.01821
0.01820
0.01820
0.01820
0.01820
0.01820
0.01820
0.01820
0.01819
0.01819
0.01819
0.01819
0.01819
0.01819
0.01819
0.01818
0.01818
0.01818
0.01818
0.01818
0.01818
0.01818
0.01818
0.01817
0.01817
0.01817
0.01817
0.01817
0.01817
0.01817
0.01816
0.01816
0.01816
0.01816
0.01816
0.01816
0.01816
0.01815
0.01815
0.01815
0.01815
0.01815
0.01815
0.01815
0.01815
0.01814
0.01814
0.01814
0.01814
0.01814
0.01814
0.01814
0.01813
0.01813
0.01813
0.01813
0.01813
0.01813
0.01813
0.01812
0.01812
0.01812
0.01812
0.01812
0.01812
0.01812
0.01812
0.01811
0.01811
0.01811
0.01811
0.01811
0.01811
0.01811
0.01810
0.01810
0.01810
0.01810
0.01810
0.01810
0.01810
0.01809
0.01809
0.01809
0.01809
0.01809
0.01809
0.01809
0.01809
0.01808
0.01808
0.01808
0.01808
0.01808
0.01808
0.01808
0.01807
0.01807
0.01807
0.01807
0.01807
0.01807
0.01807
0.01806
0.01806
0.01806
0.01806
0.01806
0.01806
0.01806
0.01806
0.01805
0.01805
0.01805
0.01805
0.01805
0.01805
0.01805
0.01804
0.01804
0.01804
0.01804
0.01804
0.01804
0.01804
0.01803
0.01803
0.01803
0.01803
0.01803
0.01803
0.01803
0.01802
0.01802
0.01802
0.01802
0.01802
0.01802
0.01802
0.01802
0.01801
0.01801
0.01801
0.01801
0.01801
0.01801
0.01801
0.01800
0.01800
0.01800
0.01800
0.01800
0.01800
0.01800
0.01799
0.01799
0.01799
0.01799
0.01799
0.01799
0.01799
0.01798
0.01798
0.01798
0.01798
0.01798
0.01798
0.01798
0.01798
0.01797
0.01797
0.01797
0.01797
0.01797
0.01797
0.01797
0.01796
0.01796
0.01796
0.01796
0.01796
0.01796
0.01796
0.01795
0.01795
0.01795
0.01795
0.01795
0.01795
0.01795
0.01794
0.01794
0.01794
0.01794
0.01794
0.01794
0.01794
0.01794
0.01793
0.01793
0.01793
0.01793
0.01793
0.01793
0.01793
0.01792
0.01792
0.01792
0.01792
0.01792
0.01792
0.01792
0.01791
0.01791
0.01791
0.01791
0.01791
0.01791
0.01791
0.01790
0.01790
0.01790
0.01790
0.01790
0.01790
0.01790
0.01789
0.01789
0.01789
0.01789
0.01789
0.01789
0.01789
0.01789
0.01788
0.01788
0.01788
0.01788
0.01788
0.01788
0.01788
0.01787
0.01787
0.01787
0.01787
0.01787
0.01787
0.01787
0.01786
0.01786
0.01786
0.01786
0.01786
0.01786
0.01786
0.01785
0.01785
0.01785
0.01785
0.01785
0.01785
0.01785
0.01784
0.01784
0.01784
0.01784
0.01784
0.01784
0.01784
0.01783
0.01783
0.01783
0.01783
0.01783
0.01783
0.01783
0.01782
0.01782
0.01782
0.01782
0.01782
0.01782
0.01782
0.01781
0.01781
0.01781
0.01781
0.01781
0.01781
0.01781
0.01780
0.01780
0.01780
0.01780
0.01780
0.01780
0.01780
0.01779
0.01779
0.01779
0.01779
0.01779
0.01779
0.01779
0.01778
0.01778
0.01778
0.01778
0.01778
0.01778
0.01778
0.01777
0.01777
0.01777
0.01777
0.01777
0.01777
0.01777
0.01776
0.01776
0.01776
0.01776
0.01776
0.01776
0.01775
0.01775
0.01775
0.01775
0.01775
0.01775
0.01775
0.01774
0.01774
0.01774
0.01774
0.01774
0.01774
0.01774
0.01773
0.01773
0.01773
0.01773
0.01773
0.01773
0.01772
0.01772
0.01772
0.01772
0.01772
0.01772
0.01772
0.01771
0.01771
0.01771
0.01771
0.01771
0.01771
0.01770
0.01770
0.01770
0.01770
0.01770
0.01770
0.01769
0.01769
0.01769
0.01769
0.01769
0.01769
0.01768
0.01768
0.01768
0.01768
0.01768
0.01768
0.01767
0.01767
0.01767
0.01767
0.01767
0.01767
0.01766
0.01766
0.01766
0.01766
0.01766
0.01766
0.01765
0.01765
0.01765
0.01765
0.01765
0.01765
0.01764
0.01764
0.01764
0.01764
0.01764
0.01763
0.01763
0.01763
0.01763
0.01763
0.01763
0.01762
0.01762
0.01762
0.01762
0.01762
0.01761
0.01761
0.01761
0.01761
0.01761
0.01760
0.01760
0.01760
0.01760
0.01760
0.01759
0.01759
0.01759
0.01759
0.01759
0.01758
0.01758
0.01758
0.01758
0.01757
0.01757
0.01757
0.01757
0.01757
0.01756
0.01756
0.01756
0.01756
0.01755
0.01755
0.01755
0.01755
0.01754
0.01754
0.01754
0.01754
0.01753
0.01753
0.01753
0.01753
0.01752
0.01752
0.01752
0.01752
0.01751
0.01751
0.01751
0.01751
0.01750
0.01750
0.01750
0.01749
0.01749
0.01749
0.01749
0.01748
0.01748
0.01748
0.01747
0.01747
0.01747
0.01746
0.01746
0.01746
0.01745
0.01745
0.01745
0.01744
0.01744
0.01744
0.01743
0.01743
0.01743
0.01742
0.01742
0.01742
0.01741
0.01741
0.01741
0.01740
0.01740
0.01739
0.01739
0.01739
0.01738
0.01738
0.01737
0.01737
0.01736
0.01736
0.01735
0.01735
0.01735
0.01734
0.01734
0.01733
0.01733
0.01732
0.01732
0.01731
0.01731
0.01730
0.01730
0.01729
0.01729
0.01728
0.01727
0.01727
0.01726
0.01726
0.01725
0.01725
0.01724
0.01723
0.01723
0.01722
0.01721
0.01721
0.01720
0.01719
0.01719
0.01718
0.01717
0.01717
0.01716
0.01715
0.01714
0.01714
0.01713
0.01712
0.01711
0.01710
0.01710
0.01709
0.01708
0.01707
0.01706
0.01705
0.01704
0.01703
0.01702
0.01702
0.01701
0.01700
0.01699
0.01698
0.01697
0.01695
0.01694
0.01693
0.01692
0.01691
0.01690
0.01689
0.01688
0.01686
0.01685
0.01684
0.01683
0.01681
0.01680
0.01679
0.01677
0.01676
0.01675
0.01673
0.01672
0.01670
0.01669
0.01667
0.01666
0.01664
0.01663
0.01661
0.01659
0.01658
0.01656
0.01654
0.01652
0.01651
0.01649
0.01647
0.01645
0.01643
0.01641
0.01639
0.01637
0.01635
0.01633
0.01631
0.01629
0.01627
0.01624
0.01622
0.01620
0.01618
0.01615
0.01613
0.01610
0.01608
0.01605
0.01603
0.01600
0.01597
0.01595
0.01592
0.01589
0.01586
0.01583
0.01580
0.01577
0.01574
0.01571
0.01568
0.01565
0.01562
0.01559
0.01555
0.01552
0.01548
0.01545
0.01541
0.01538
0.01534
0.01530
0.01527
0.01523
0.01519
0.01515
0.01511
0.01507
0.01503
0.01498
0.01494
0.01490
0.01485
0.01481
0.01476
0.01472
0.01467
0.01462
0.01458
0.01453
0.01448
0.01443
0.01438
0.01433
0.01427
0.01422
0.01417
0.01411
0.01406
0.01400
0.01395
0.01389
0.01383
0.01377
0.01371
0.01365
0.01359
0.01353
0.01346
0.01340
0.01334
0.01327
0.01320
0.01314
0.01307
0.01300
0.01293
0.01286
0.01279
0.01272
0.01264
0.01257
0.01250
0.01242
0.01234
0.01227
0.01219
0.01211
0.01203
0.01195
0.01187
0.01178
0.01170
0.01161
0.01153
0.01144
0.01136
0.01127
0.01118
0.01109
0.01100
0.01090
0.01081
0.01072
0.01062
0.01053
0.01043
0.01033
0.01023
0.01013
0.01003
0.00993
0.00983
0.00973
0.00962
0.00952
0.00941
0.00930
0.00919
0.00909
0.00898
0.00886
0.00875
0.00864
0.00852
0.00841
0.00829
0.00818
0.00806
0.00794
0.00782
0.00770
0.00758
0.00745
0.00733
0.00721
0.00708
0.00695
0.00683
0.00670
0.00657
0.00644
0.00631
0.00617
0.00604
0.00591
0.00577
0.00564
0.00550
0.00536
0.00522
0.00508
0.00494
0.00480
0.00466
0.00451
0.00437
0.00422
0.00408
0.00393
0.00378
0.00363
0.00348
0.00333
0.00318
0.00303
0.00287
0.00272
0.00256
0.00241
0.00225
0.00209
0.00193
0.00177
0.00161
0.00145
0.00129
0.00113
0.00096
0.00080
0.00063
0.00046
0.00030
0.00013
-0.00004
-0.00021
-0.00038
-0.00055
-0.00072
-0.00090
-0.00107
-0.00125
-0.00142
-0.00160
-0.00178
-0.00195
-0.00213
-0.00231
-0.00249
-0.00267
-0.00286
-0.00304
-0.00322
-0.00341
-0.00359
-0.00378
-0.00396
-0.00415
-0.00434
-0.00453
-0.00472
-0.00491
-0.00510
-0.00529
-0.00548
-0.00567
-0.00587
-0.00606
-0.00626
-0.00645
-0.00665
-0.00685
-0.00704
-0.00724
-0.00744
-0.00764
-0.00784
-0.00804
-0.00824
-0.00845
-0.00865
-0.00885
-0.00906
-0.00926
-0.00947
-0.00968
-0.00988
-0.01009
-0.01030
-0.01051
-0.01072
-0.01093
-0.01114
-0.01135
-0.01156
-0.01177
-0.01199
-0.01220
-0.01241
-0.01263
-0.01284
-0.01306
-0.01328
-0.01349
-0.01371
-0.01393
-0.01415
-0.01437
-0.01459
-0.01481
-0.01503
-0.01525
-0.01547
-0.01569
-0.01592
-0.01614
-0.01636
-0.01659
-0.01681
-0.01704
-0.01727
-0.01749
-0.01772