0.01924
0.01924
0.01924
0.01924
0.01924
0.01924
0.01924
0.01924
0.01924
0.01924
0.01924
0.01924
0.01924
0.01924
0.01924
0.01924
0.01924
0.01924
0.01924
0.01924
0.01924
0.01924
0.01924
0.01924
0.01924
0.01924
0.01924
0.01924
0.01924
0.01924
0.01924
0.01924
0.01924
0.01924
0.01924
0.01924
0.01924
0.01924
0.01924
0.01924
0.01924
0.01923
0.01923
0.01923
0.01923
0.01923
0.01923
0.01923
0.01923
0.01923
0.01923
0.01923
0.01923
0.01923
0.01923
0.01923
0.01923
0.01923
0.01923
0.01923
0.01923
0.01923
0.01923
0.01923
0.01923
0.01923
0.01923
0.01923
0.01923
0.01923
0.01923
0.01923
0.01923
0.01923
0.01923
0.01923
0.01923
0.01923
0.01923
0.01923
0.01923
0.01923
0.01923
0.01923
0.01923
0.01923
0.01923
0.01923
0.01923
0.01923
0.01923
0.01923
0.01923
0.01923
0.01923
0.01923
0.01923
0.01923
0.01923
0.01923
0.01923
0.01923
0.01923
0.01923
0.01923
0.01923
0.01923
0.01923
0.01923
0.01923
0.01923
0.01923
0.01923
0.01923
0.01923
0.01923
0.01923
0.01923
0.01923
0.01923
0.01923
0.01923
0.01923
0.01923
0.01923
0.01923
0.01923
0.01923
0.01923
0.01923
0.01923
0.01923
0.01923
0.01923
0.01922
0.01922
0.01922
0.01922
0.01922
0.01922
0.01922
0.01922
0.01922
0.01922
0.01922
0.01922
0.01922
0.01922
0.01922
0.01922
0.01922
0.01922
0.01922
0.01922
0.01922
0.01922
0.01922
0.01922
0.01922
0.01922
0.01922
0.01922
0.01922
0.01922
0.01922
0.01922
0.01922
0.01922
0.01922
0.01922
0.01922
0.01922
0.01922
0.01922
0.01922
0.01922
0.01922
0.01922
0.01922
0.01922
0.01922
0.01922
0.01922
0.01922
0.01922
0.01922
0.01922
0.01922
0.01922
0.01922
0.01922
0.01922
0.01922
0.01922
0.01922
0.01922
0.01922
0.01922
0.01922
0.01922
0.01922
0.01922
0.01922
0.01922
0.01922
0.01922
0.01922
0.01922
0.01922
0.01922
0.01922
0.01922
0.01922
0.01922
0.01922
0.01922
0.01922
0.01922
0.01922
0.01922
0.01922
0.01922
0.01922
0.01922
0.01922
0.01922
0.01921
0.01921
0.01921
0.01921
0.01921
0.01921
0.01921
0.01921
0.01921
0.01921
0.01921
0.01921
0.01921
0.01921
0.01921
0.01921
0.01921
0.01921
0.01921
0.01921
0.01921
0.01921
0.01921
0.01921
0.01921
0.01921
0.01921
0.01921
0.01921
0.01921
0.01921
0.01921
0.01921
0.01921
0.01921
0.01921
0.01921
0.01921
0.01921
0.01921
0.01921
0.01921
0.01921
0.01921
0.01921
0.01921
0.01921
0.01921
0.01921
0.01921
0.01921
0.01921
0.01921
0.01921
0.01921
0.01921
0.01921
0.01921
0.01921
0.01921
0.01921
0.01921
0.01921
0.01921
0.01921
0.01921
0.01921
0.01921
0.01921
0.01921
0.01921
0.01921
0.01921
0.01921
0.01921
0.01921
0.01921
0.01921
0.01921
0.01921
0.01921
0.01920
0.01920
0.01920
0.01920
0.01920
0.01920
0.01920
0.01920
0.01920
0.01920
0.01920
0.01920
0.01920
0.01920
0.01920
0.01920
0.01920
0.01920
0.01920
0.01920
0.01920
0.01920
0.01920
0.01920
0.01920
0.01920
0.01920
0.01920
0.01920
0.01920
0.01920
0.01920
0.01920
0.01920
0.01920
0.01920
0.01920
0.01920
0.01920
0.01920
0.01920
0.01920
0.01920
0.01920
0.01920
0.01920
0.01920
0.01920
0.01920
0.01920
0.01920
0.01920
0.01920
0.01920
0.01920
0.01920
0.01920
0.01920
0.01920
0.01920
0.01919
0.01919
0.01919
0.01919
0.01919
0.01919
0.01919
0.01919
0.01919
0.01919
0.01919
0.01919
0.01919
0.01919
0.01919
0.01919
0.01919
0.01919
0.01919
0.01919
0.01919
0.01919
0.01919
0.01919
0.01919
0.01919
0.01919
0.01919
0.01919
0.01919
0.01919
0.01919
0.01919
0.01919
0.01919
0.01919
0.01919
0.01919
0.01919
0.01919
0.01919
0.01919
0.01918
0.01918
0.01918
0.01918
0.01918
0.01918
0.01918
0.01918
0.01918
0.01918
0.01918
0.01918
0.01918
0.01918
0.01918
0.01918
0.01918
0.01918
0.01918
0.01918
0.01918
0.01918
0.01918
0.01918
0.01918
0.01918
0.01918
0.01918
0.01918
0.01918
0.01918
0.01918
0.01917
0.01917
0.01917
0.01917
0.01917
0.01917
0.01917
0.01917
0.01917
0.01917
0.01917
0.01917
0.01917
0.01917
0.01917
0.01917
0.01917
0.01917
0.01917
0.01917
0.01917
0.01917
0.01917
0.01917
0.01917
0.01916
0.01916
0.01916
0.01916
0.01916
0.01916
0.01916
0.01916
0.01916
0.01916
0.01916
0.01916
0.01916
0.01916
0.01916
0.01916
0.01916
0.01916
0.01916
0.01916
0.01915
0.01915
0.01915
0.01915
0.01915
0.01915
0.01915
0.01915
0.01915
0.01915
0.01915
0.01915
0.01915
0.01915
0.01915
0.01915
0.01915
0.01915
0.01914
0.01914
0.01914
0.01914
0.01914
0.01914
0.01914
0.01914
0.01914
0.01914
0.01914
0.01914
0.01914
0.01914
0.01914
0.01914
0.01913
0.01913
0.01913
0.01913
0.01913
0.01913
0.01913
0.01913
0.01913
0.01913
0.01913
0.01913
0.01913
0.01913
0.01912
0.01912
0.01912
0.01912
0.01912
0.01912
0.01912
0.01912
0.01912
0.01912
0.01912
0.01912
0.01911
0.01911
0.01911
0.01911
0.01911
0.01911
0.01911
0.01911
0.01911
0.01911
0.01911
0.01911
0.01910
0.01910
0.01910
0.01910
0.01910
0.01910
0.01910
0.01910
0.01910
0.01910
0.01910
0.01910
0.01909
0.01909
0.01909
0.01909
0.01909
0.01909
0.01909
0.01909
0.01909
0.01909
0.01908
0.01908
0.01908
0.01908
0.01908
0.01908
0.01908
0.01908
0.01908
0.01908
0.01908
0.01907
0.01907
0.01907
0.01907
0.01907
0.01907
0.01907
0.01907
0.01907
0.01907
0.01906
0.01906
0.01906
0.01906
0.01906
0.01906
0.01906
0.01906
0.01906
0.01906
0.01905
0.01905
0.01905
0.01905
0.01905
0.01905
0.01905
0.01905
0.01905
0.01904
0.01904
0.01904
0.01904
0.01904
0.01904
0.01904
0.01904
0.01904
0.01903
0.01903
0.01903
0.01903
0.01903
0.01903
0.01903
0.01903
0.01903
0.01903
0.01902
0.01902
0.01902
0.01902
0.01902
0.01902
0.01902
0.01902
0.01902
0.01901
0.01901
0.01901
0.01901
0.01901
0.01901
0.01901
0.01901
0.01901
0.01900
0.01900
0.01900
0.01900
0.01900
0.01900
0.01900
0.01900
0.01899
0.01899
0.01899
0.01899
0.01899
0.01899
0.01899
0.01899
0.01899
0.01898
0.01898
0.01898
0.01898
0.01898
0.01898
0.01898
0.01898
0.01898
0.01897
0.01897
0.01897
0.01897
0.01897
0.01897
0.01897
0.01897
0.01896
0.01896
0.01896
0.01896
0.01896
0.01896
0.01896
0.01896
0.01896
0.01895
0.01895
0.01895
0.01895
0.01895
0.01895
0.01895
0.01895
0.01894
0.01894
0.01894
0.01894
0.01894
0.01894
0.01894
0.01894
0.01894
0.01893
0.01893
0.01893
0.01893
0.01893
0.01893
0.01893
0.01893
0.01892
0.01892
0.01892
0.01892
0.01892
0.01892
0.01892
0.01892
0.01891
0.01891
0.01891
0.01891
0.01891
0.01891
0.01891
0.01891
0.01891
0.01890
0.01890
0.01890
0.01890
0.01890
0.01890
0.01890
0.01890
0.01889
0.01889
0.01889
0.01889
0.01889
0.01889
0.01889
0.01889
0.01888
0.01888
0.01888
0.01888
0.01888
0.01888
0.01888
0.01888
0.01887
0.01887
0.01887
0.01887
0.01887
0.01887
0.01887
0.01887
0.01886
0.01886
0.01886
0.01886
0.01886
0.01886
0.01886
0.01886
0.01885
0.01885
0.01885
0.01885
0.01885
0.01885
0.01885
0.01885
0.01884
0.01884
0.01884
0.01884
0.01884
0.01884
0.01884
0.01884
0.01883
0.01883
0.01883
0.01883
0.01883
0.01883
0.01883
0.01883
0.01882
0.01882
0.01882
0.01882
0.01882
0.01882
0.01882
0.01882
0.01881
0.01881
0.01881
0.01881
0.01881
0.01881
0.01881
0.01881
0.01880
0.01880
0.01880
0.01880
0.01880
0.01880
0.01880
0.01880
0.01879
0.01879
0.01879
0.01879
0.01879
0.01879
0.01879
0.01879
0.01878
0.01878
0.01878
0.01878
0.01878
0.01878
0.01878
0.01878
0.01877
0.01877
0.01877
0.01877
0.01877
0.01877
0.01877
0.01877
0.01876
0.01876
0.01876
0.01876
0.01876
0.01876
0.01876
0.01875
0.01875
0.01875
0.01875
0.01875
0.01875
0.01875
0.01875
0.01874
0.01874
0.01874
0.01874
0.01874
0.01874
0.01874
0.01874
0.01873
0.01873
0.01873
0.01873
0.01873
0.01873
0.01873
0.01873
0.01872
0.01872
0.01872
0.01872
0.01872
0.01872
0.01872
0.01872
0.01871
0.01871
0.01871
0.01871
0.01871
0.01871
0.01871
0.01870
0.01870
0.01870
0.01870
0.01870
0.01870
0.01870
0.01870
0.01869
0.01869
0.01869
0.01869
0.01869
0.01869
0.01869
0.01869
0.01868
0.01868
0.01868
0.01868
0.01868
0.01868
0.01868
0.01868
0.01867
0.01867
0.01867
0.01867
0.01867
0.01867
0.01867
0.01866
0.01866
0.01866
0.01866
0.01866
0.01866
0.01866
0.01866
0.01865
0.01865
0.01865
0.01865
0.01865
0.01865
0.01865
0.01865
0.01864
0.01864
0.01864
0.01864
0.01864
0.01864
0.01864
0.01863
0.01863
0.01863
0.01863
0.01863
0.01863
0.01863
0.01863
0.01862
0.01862
0.01862
0.01862
0.01862
0.01862
0.01862
0.01862
0.01861
0.01861
0.01861
0.01861
0.01861
0.01861
0.01861
0.01860
0.01860
0.01860
0.01860
0.01860
0.01860
0.01860
0.01860
0.01859
0.01859
0.01859
0.01859
0.01859
0.01859
0.01859
0.01859
0.01858
0.01858
0.01858
0.01858
0.01858
0.01858
0.01858
0.01857
0.01857
0.01857
0.01857
0.01857
0.01857
0.01857
0.01857
0.01856
0.01856
0.01856
0.01856
0.01856
0.01856
0.01856
0.01856
0.01855
0.01855
0.01855
0.01855
0.01855
0.01855
0.01855
0.01854
0.01854
0.01854
0.01854
0.01854
0.01854
0.01854
0.01854
0.01853
0.01853
0.01853
0.01853
0.01853
0.01853
0.01853
0.01852
0.01852
0.01852
0.01852
0.01852
0.01852
0.01852
0.01852
0.01851
0.01851
0.01851
0.01851
0.01851
0.01851
0.01851
0.01851
0.01850
0.01850
0.01850
0.01850
0.01850
0.01850
0.01850
0.01849
0.01849
0.01849
0.01849
0.01849
0.01849
0.01849
0.01849
0.01848
0.01848
0.01848
0.01848
0.01848
0.01848
0.01848
0.01847
0.01847
0.01847
0.01847
0.01847
0.01847
0.01847
0.01847
0.01846
0.01846
0.01846
0.01846
0.01846
0.01846
0.01846
0.01845
0.01845
0.01845
0.01845
0.01845
0.01845
0.01845
0.01845
0.01844
0.01844
0.01844
0.01844
0.01844
0.01844
0.01844
0.01843
0.01843
0.01843
0.01843
0.01843
0.01843
0.01843
0.01843
0.01842
0.01842
0.01842
0.01842
0.01842
0.01842
0.01842
0.01842
0.01841
0.01841
0.01841
0.01841
0.01841
0.01841
0.01841
0.01840
0.01840
0.01840
0.01840
0.01840
0.01840
0.01840
0.01840
0.01839
0.01839
0.01839
0.01839
0.01839
0.01839
0.01839
0.01838
0.01838
0.01838
0.01838
0.01838
0.01838
0.01838
0.01838
0.01837
0.01837
0.01837
0.01837
0.01837
0.01837
0.01837
0.01836
0.01836
0.01836
0.01836
0.01836
0.01836
0.01836
0.01836
0.01835
0.01835
0.01835
0.01835
0.01835
0.01835
0.01835
0.01834
0.01834
0.01834
0.01834
0.01834
0.01834
0.01834
0.01834
0.01833
0.01833
0.01833
0.01833
0.01833
0.01833
0.01833
0.01832
0.01832
0.01832
0.01832
0.01832
0.01832
0.01832
0.01832
0.01831
0.01831
0.01831
0.01831
0.01831
0.01831
0.01831
0.01830
0.01830
0.01830
0.01830
0.01830
0.01830
0.01830
0.01830
0.01829
0.01829
0.01829
0.01829
0.01829
0.01829
0.01829
0.01828
0.01828
0.01828
0.01828
0.01828
0.01828
0.01828
0.01828
0.01827
0.01827
0.01827
0.01827
0.01827
0.01827
0.01827
0.01826
0.01826
0.01826
0.01826
0.01826
0.01826
0.01826
0.01826
0.01825
0.01825
0.01825
0.01825
0.01825
0.01825
0.01825
0.01824
0.01824
0.01824
0.01824
0.01824
0.01824
0.01824
0.01824
0.01823
0.01823
0.01823
0.01823
0.01823
0.01823
0.01823
0.01822
0.01822
0.01822
0.01822
0.01822
0.01822
0.01822
0.01821
0.01821
0.01821
0.01821
0.01821
0.01821
0.01821
0.01821
0.01820
0.01820
0.01820
0.01820
0.01820
0.01820
0.01820
0.01819
0.01819
0.01819
0.01819
0.01819
0.01819
0.01819
0.01819
0.01818
0.01818
0.01818
0.01818
0.01818
0.01818
0.01818
0.01817
0.01817
0.01817
0.01817
0.01817
0.01817
0.01817
0.01817
0.01816
0.01816
0.01816
0.01816
0.01816
0.01816
0.01816
0.01815
0.01815
0.01815
0.01815
0.01815
0.01815
0.01815
0.01814
0.01814
0.01814
0.01814
0.01814
0.01814
0.01814
0.01814
0.01813
0.01813
0.01813
0.01813
0.01813
0.01813
0.01813
0.01812
0.01812
0.01812
0.01812
0.01812
0.01812
0.01812
0.01811
0.01811
0.01811
0.01811
0.01811
0.01811
0.01811
0.01811
0.01810
0.01810
0.01810
0.01810
0.01810
0.01810
0.01810
0.01809
0.01809
0.01809
0.01809
0.01809
0.01809
0.01809
0.01808
0.01808
0.01808
0.01808
0.01808
0.01808
0.01808
0.01808
0.01807
0.01807
0.01807
0.01807
0.01807
0.01807
0.01807
0.01806
0.01806
0.01806
0.01806
0.01806
0.01806
0.01806
0.01805
0.01805
0.01805
0.01805
0.01805
0.01805
0.01805
0.01804
0.01804
0.01804
0.01804
0.01804
0.01804
0.01804
0.01803
0.01803
0.01803
0.01803
0.01803
0.01803
0.01803
0.01802
0.01802
0.01802
0.01802
0.01802
0.01802
0.01802
0.01801
0.01801
0.01801
0.01801
0.01801
0.01801
0.01801
0.01800
0.01800
0.01800
0.01800
0.01800
0.01800
0.01800
0.01799
0.01799
0.01799
0.01799
0.01799
0.01799
0.01799
0.01798
0.01798
0.01798
0.01798
0.01798
0.01798
0.01798
0.01797
0.01797
0.01797
0.01797
0.01797
0.01797
0.01797
0.01796
0.01796
0.01796
0.01796
0.01796
0.01796
0.01796
0.01795
0.01795
0.01795
0.01795
0.01795
0.01795
0.01794
0.01794
0.01794
0.01794
0.01794
0.01794
0.01794
0.01793
0.01793
0.01793
0.01793
0.01793
0.01793
0.01792
0.01792
0.01792
0.01792
0.01792
0.01792
0.01791
0.01791
0.01791
0.01791
0.01791
0.01791
0.01790
0.01790
0.01790
0.01790
0.01790
0.01790
0.01789
0.01789
0.01789
0.01789
0.01789
0.01789
0.01788
0.01788
0.01788
0.01788
0.01788
0.01788
0.01787
0.01787
0.01787
0.01787
0.01787
0.01787
0.01786
0.01786
0.01786
0.01786
0.01786
0.01785
0.01785
0.01785
0.01785
0.01785
0.01785
0.01784
0.01784
0.01784
0.01784
0.01784
0.01783
0.01783
0.01783
0.01783
0.01783
0.01782
0.01782
0.01782
0.01782
0.01782
0.01781
0.01781
0.01781
0.01781
0.01780
0.01780
0.01780
0.01780
0.01780
0.01779
0.01779
0.01779
0.01779
0.01778
0.01778
0.01778
0.01778
0.01778
0.01777
0.01777
0.01777
0.01777
0.01776
0.01776
0.01776
0.01776
0.01775
0.01775
0.01775
0.01775
0.01774
0.01774
0.01774
0.01774
0.01773
0.01773
0.01773
0.01772
0.01772
0.01772
0.01772
0.01771
0.01771
0.01771
0.01770
0.01770
0.01770
0.01770
0.01769
0.01769
0.01769
0.01768
0.01768
0.01768
0.01767
0.01767
0.01767
0.01766
0.01766
0.01766
0.01765
0.01765
0.01765
0.01764
0.01764
0.01763
0.01763
0.01763
0.01762
0.01762
0.01762
0.01761
0.01761
0.01760
0.01760
0.01760
0.01759
0.01759
0.01758
0.01758
0.01757
0.01757
0.01756
0.01756
0.01756
0.01755
0.01755
0.01754
0.01754
0.01753
0.01753
0.01752
0.01752
0.01751
0.01751
0.01750
0.01749
0.01749
0.01748
0.01748
0.01747
0.01747
0.01746
0.01745
0.01745
0.01744
0.01744
0.01743
0.01742
0.01742
0.01741
0.01740
0.01740
0.01739
0.01738
0.01737
0.01737
0.01736
0.01735
0.01734
0.01734
0.01733
0.01732
0.01731
0.01730
0.01730
0.01729
0.01728
0.01727
0.01726
0.01725
0.01724
0.01723
0.01722
0.01721
0.01721
0.01720
0.01719
0.01717
0.01716
0.01715
0.01714
0.01713
0.01712
0.01711
0.01710
0.01709
0.01708
0.01706
0.01705
0.01704
0.01703
0.01701
0.01700
0.01699
0.01697
0.01696
0.01695
0.01693
0.01692
0.01690
0.01689
0.01687
0.01686
0.01684
0.01683
0.01681
0.01679
0.01678
0.01676
0.01674
0.01673
0.01671
0.01669
0.01667
0.01665
0.01663
0.01661
0.01660
0.01658
0.01656
0.01653
0.01651
0.01649
0.01647
0.01645
0.01643
0.01640
0.01638
0.01636
0.01633
0.01631
0.01628
0.01626
0.01623
0.01621
0.01618
0.01615
0.01613
0.01610
0.01607
0.01604
0.01601
0.01599
0.01596
0.01592
0.01589
0.01586
0.01583
0.01580
0.01577
0.01573
0.01570
0.01566
0.01563
0.01559
0.01556
0.01552
0.01548
0.01545
0.01541
0.01537
0.01533
0.01529
0.01525
0.01521
0.01516
0.01512
0.01508
0.01504
0.01499
0.01495
0.01490
0.01485
0.01481
0.01476
0.01471
0.01466
0.01461
0.01456
0.01451
0.01446
0.01440
0.01435
0.01430
0.01424
0.01419
0.01413
0.01407
0.01401
0.01396
0.01390
0.01384
0.01377
0.01371
0.01365
0.01359
0.01352
0.01346
0.01339
0.01332
0.01326
0.01319
0.01312
0.01305
0.01298
0.01291
0.01283
0.01276
0.01269
0.01261
0.01253
0.01246
0.01238
0.01230
0.01222
0.01214
0.01206
0.01198
0.01189
0.01181
0.01172
0.01164
0.01155
0.01146
0.01137
0.01128
0.01119
0.01110
0.01101
0.01091
0.01082
0.01072
0.01063
0.01053
0.01043
0.01033
0.01023
0.01013
0.01003
0.00993
0.00982
0.00972
0.00961
0.00950
0.00939
0.00929
0.00918
0.00906
0.00895
0.00884
0.00873
0.00861
0.00850
0.00838
0.00826
0.00814
0.00802
0.00790
0.00778
0.00766
0.00753
0.00741
0.00728
0.00716
0.00703
0.00690
0.00677
0.00664
0.00651
0.00638
0.00625
0.00611
0.00598
0.00584
0.00570
0.00557
0.00543
0.00529
0.00515
0.00500
0.00486
0.00472
0.00457
0.00443
0.00428
0.00414
0.00399
0.00384
0.00369
0.00354
0.00339
0.00323
0.00308
0.00292
0.00277
0.00261
0.00246
0.00230
0.00214
0.00198
0.00182
0.00166
0.00149
0.00133
0.00117
0.00100
0.00083
0.00067
0.00050
0.00033
0.00016
-0.00001
-0.00018
-0.00035
-0.00052
-0.00070
-0.00087
-0.00105
-0.00122
-0.00140
-0.00158
-0.00175
-0.00193
-0.00211
-0.00229
-0.00248
-0.00266
-0.00284
-0.00302
-0.00321
-0.00339
-0.00358
-0.00377
-0.00396
-0.00414
-0.00433
-0.00452
-0.00471
-0.00490
-0.00510
-0.00529
-0.00548
-0.00568
-0.00587
-0.00607
-0.00626
-0.00646
-0.00666
-0.00686
-0.00706
-0.00726
-0.00746
-0.00766
-0.00786
-0.00806
-0.00826
-0.00847
-0.00867
-0.00888
-0.00908
-0.00929
-0.00950
-0.00970
-0.00991
-0.01012
-0.01033
-0.01054
-0.01075
-0.01096
-0.01118
-0.01139
-0.01160
-0.01182
-0.01203
-0.01225
-0.01246
-0.01268
-0.01289
-0.01311
-0.01333
-0.01355
-0.01377
-0.01399
-0.01421
-0.01443
-0.01465
-0.01487
-0.01509
-0.01532
-0.01554
-0.01576
-0.01599
-0.01621
-0.01644
-0.01666
-0.01689
-0.01712
-0.01735
-0.01757
-0.01780