0.01925
0.01925
0.01925
0.01925
0.01925
0.01925
0.01925
0.01925
0.01925
0.01925
0.01925
0.01925
0.01925
0.01925
0.01925
0.01925
0.01925
0.01925
0.01925
0.01925
0.01925
0.01925
0.01925
0.01925
0.01925
0.01925
0.01925
0.01925
0.01925
0.01925
0.01925
0.01925
0.01925
0.01925
0.01925
0.01925
0.01925
0.01925
0.01925
0.01925
0.01925
0.01925
0.01924
0.01924
0.01924
0.01924
0.01924
0.01924
0.01924
0.01924
0.01924
0.01924
0.01924
0.01924
0.01924
0.01924
0.01924
0.01924
0.01924
0.01924
0.01924
0.01924
0.01924
0.01924
0.01924
0.01924
0.01924
0.01924
0.01924
0.01924
0.01924
0.01924
0.01924
0.01924
0.01924
0.01924
0.01924
0.01924
0.01924
0.01924
0.01924
0.01924
0.01924
0.01924
0.01924
0.01924
0.01924
0.01924
0.01924
0.01924
0.01924
0.01924
0.01924
0.01924
0.01924
0.01924
0.01924
0.01924
0.01924
0.01924
0.01924
0.01924
0.01924
0.01924
0.01924
0.01924
0.01924
0.01924
0.01924
0.01924
0.01924
0.01924
0.01924
0.01924
0.01924
0.01924
0.01924
0.01924
0.01924
0.01924
0.01924
0.01924
0.01924
0.01924
0.01924
0.01924
0.01924
0.01924
0.01924
0.01924
0.01924
0.01924
0.01924
0.01924
0.01924
0.01924
0.01923
0.01923
0.01923
0.01923
0.01923
0.01923
0.01923
0.01923
0.01923
0.01923
0.01923
0.01923
0.01923
0.01923
0.01923
0.01923
0.01923
0.01923
0.01923
0.01923
0.01923
0.01923
0.01923
0.01923
0.01923
0.01923
0.01923
0.01923
0.01923
0.01923
0.01923
0.01923
0.01923
0.01923
0.01923
0.01923
0.01923
0.01923
0.01923
0.01923
0.01923
0.01923
0.01923
0.01923
0.01923
0.01923
0.01923
0.01923
0.01923
0.01923
0.01923
0.01923
0.01923
0.01923
0.01923
0.01923
0.01923
0.01923
0.01923
0.01923
0.01923
0.01923
0.01923
0.01923
0.01923
0.01923
0.01923
0.01923
0.01923
0.01923
0.01923
0.01923
0.01923
0.01923
0.01923
0.01923
0.01923
0.01923
0.01923
0.01923
0.01923
0.01923
0.01923
0.01923
0.01923
0.01923
0.01923
0.01923
0.01923
0.01923
0.01923
0.01923
0.01923
0.01922
0.01922
0.01922
0.01922
0.01922
0.01922
0.01922
0.01922
0.01922
0.01922
0.01922
0.01922
0.01922
0.01922
0.01922
0.01922
0.01922
0.01922
0.01922
0.01922
0.01922
0.01922
0.01922
0.01922
0.01922
0.01922
0.01922
0.01922
0.01922
0.01922
0.01922
0.01922
0.01922
0.01922
0.01922
0.01922
0.01922
0.01922
0.01922
0.01922
0.01922
0.01922
0.01922
0.01922
0.01922
0.01922
0.01922
0.01922
0.01922
0.01922
0.01922
0.01922
0.01922
0.01922
0.01922
0.01922
0.01922
0.01922
0.01922
0.01922
0.01922
0.01922
0.01922
0.01922
0.01922
0.01922
0.01922
0.01922
0.01922
0.01922
0.01922
0.01922
0.01922
0.01922
0.01922
0.01922
0.01922
0.01922
0.01922
0.01922
0.01922
0.01922
0.01922
0.01921
0.01921
0.01921
0.01921
0.01921
0.01921
0.01921
0.01921
0.01921
0.01921
0.01921
0.01921
0.01921
0.01921
0.01921
0.01921
0.01921
0.01921
0.01921
0.01921
0.01921
0.01921
0.01921
0.01921
0.01921
0.01921
0.01921
0.01921
0.01921
0.01921
0.01921
0.01921
0.01921
0.01921
0.01921
0.01921
0.01921
0.01921
0.01921
0.01921
0.01921
0.01921
0.01921
0.01921
0.01921
0.01921
0.01921
0.01921
0.01921
0.01921
0.01921
0.01921
0.01921
0.01921
0.01921
0.01921
0.01921
0.01921
0.01921
0.01921
0.01921
0.01921
0.01920
0.01920
0.01920
0.01920
0.01920
0.01920
0.01920
0.01920
0.01920
0.01920
0.01920
0.01920
0.01920
0.01920
0.01920
0.01920
0.01920
0.01920
0.01920
0.01920
0.01920
0.01920
0.01920
0.01920
0.01920
0.01920
0.01920
0.01920
0.01920
0.01920
0.01920
0.01920
0.01920
0.01920
0.01920
0.01920
0.01920
0.01920
0.01920
0.01920
0.01920
0.01919
0.01919
0.01919
0.01919
0.01919
0.01919
0.01919
0.01919
0.01919
0.01919
0.01919
0.01919
0.01919
0.01919
0.01919
0.01919
0.01919
0.01919
0.01919
0.01919
0.01919
0.01919
0.01919
0.01919
0.01919
0.01919
0.01919
0.01919
0.01919
0.01918
0.01918
0.01918
0.01918
0.01918
0.01918
0.01918
0.01918
0.01918
0.01918
0.01918
0.01918
0.01918
0.01918
0.01918
0.01918
0.01918
0.01918
0.01918
0.01918
0.01918
0.01917
0.01917
0.01917
0.01917
0.01917
0.01917
0.01917
0.01917
0.01917
0.01917
0.01917
0.01917
0.01917
0.01917
0.01917
0.01917
0.01917
0.01917
0.01916
0.01916
0.01916
0.01916
0.01916
0.01916
0.01916
0.01916
0.01916
0.01916
0.01916
0.01916
0.01916
0.01916
0.01916
0.01915
0.01915
0.01915
0.01915
0.01915
0.01915
0.01915
0.01915
0.01915
0.01915
0.01915
0.01915
0.01914
0.01914
0.01914
0.01914
0.01914
0.01914
0.01914
0.01914
0.01914
0.01914
0.01914
0.01914
0.01913
0.01913
0.01913
0.01913
0.01913
0.01913
0.01913
0.01913
0.01913
0.01913
0.01912
0.01912
0.01912
0.01912
0.01912
0.01912
0.01912
0.01912
0.01912
0.01912
0.01911
0.01911
0.01911
0.01911
0.01911
0.01911
0.01911
0.01911
0.01911
0.01910
0.01910
0.01910
0.01910
0.01910
0.01910
0.01910
0.01910
0.01909
0.01909
0.01909
0.01909
0.01909
0.01909
0.01909
0.01909
0.01908
0.01908
0.01908
0.01908
0.01908
0.01908
0.01908
0.01908
0.01907
0.01907
0.01907
0.01907
0.01907
0.01907
0.01907
0.01906
0.01906
0.01906
0.01906
0.01906
0.01906
0.01906
0.01905
0.01905
0.01905
0.01905
0.01905
0.01905
0.01905
0.01905
0.01904
0.01904
0.01904
0.01904
0.01904
0.01904
0.01903
0.01903
0.01903
0.01903
0.01903
0.01903
0.01903
0.01902
0.01902
0.01902
0.01902
0.01902
0.01902
0.01902
0.01901
0.01901
0.01901
0.01901
0.01901
0.01901
0.01900
0.01900
0.01900
0.01900
0.01900
0.01900
0.01900
0.01899
0.01899
0.01899
0.01899
0.01899
0.01899
0.01898
0.01898
0.01898
0.01898
0.01898
0.01898
0.01897
0.01897
0.01897
0.01897
0.01897
0.01897
0.01896
0.01896
0.01896
0.01896
0.01896
0.01896
0.01896
0.01895
0.01895
0.01895
0.01895
0.01895
0.01895
0.01894
0.01894
0.01894
0.01894
0.01894
0.01894
0.01893
0.01893
0.01893
0.01893
0.01893
0.01893
0.01892
0.01892
0.01892
0.01892
0.01892
0.01892
0.01891
0.01891
0.01891
0.01891
0.01891
0.01891
0.01890
0.01890
0.01890
0.01890
0.01890
0.01889
0.01889
0.01889
0.01889
0.01889
0.01889
0.01888
0.01888
0.01888
0.01888
0.01888
0.01888
0.01887
0.01887
0.01887
0.01887
0.01887
0.01887
0.01886
0.01886
0.01886
0.01886
0.01886
0.01885
0.01885
0.01885
0.01885
0.01885
0.01885
0.01884
0.01884
0.01884
0.01884
0.01884
0.01884
0.01883
0.01883
0.01883
0.01883
0.01883
0.01883
0.01882
0.01882
0.01882
0.01882
0.01882
0.01881
0.01881
0.01881
0.01881
0.01881
0.01881
0.01880
0.01880
0.01880
0.01880
0.01880
0.01879
0.01879
0.01879
0.01879
0.01879
0.01879
0.01878
0.01878
0.01878
0.01878
0.01878
0.01878
0.01877
0.01877
0.01877
0.01877
0.01877
0.01876
0.01876
0.01876
0.01876
0.01876
0.01876
0.01875
0.01875
0.01875
0.01875
0.01875
0.01874
0.01874
0.01874
0.01874
0.01874
0.01874
0.01873
0.01873
0.01873
0.01873
0.01873
0.01872
0.01872
0.01872
0.01872
0.01872
0.01872
0.01871
0.01871
0.01871
0.01871
0.01871
0.01870
0.01870
0.01870
0.01870
0.01870
0.01869
0.01869
0.01869
0.01869
0.01869
0.01869
0.01868
0.01868
0.01868
0.01868
0.01868
0.01867
0.01867
0.01867
0.01867
0.01867
0.01867
0.01866
0.01866
0.01866
0.01866
0.01866
0.01865
0.01865
0.01865
0.01865
0.01865
0.01864
0.01864
0.01864
0.01864
0.01864
0.01864
0.01863
0.01863
0.01863
0.01863
0.01863
0.01862
0.01862
0.01862
0.01862
0.01862
0.01862
0.01861
0.01861
0.01861
0.01861
0.01861
0.01860
0.01860
0.01860
0.01860
0.01860
0.01859
0.01859
0.01859
0.01859
0.01859
0.01859
0.01858
0.01858
0.01858
0.01858
0.01858
0.01857
0.01857
0.01857
0.01857
0.01857
0.01856
0.01856
0.01856
0.01856
0.01856
0.01856
0.01855
0.01855
0.01855
0.01855
0.01855
0.01854
0.01854
0.01854
0.01854
0.01854
0.01853
0.01853
0.01853
0.01853
0.01853
0.01853
0.01852
0.01852
0.01852
0.01852
0.01852
0.01851
0.01851
0.01851
0.01851
0.01851
0.01850
0.01850
0.01850
0.01850
0.01850
0.01849
0.01849
0.01849
0.01849
0.01849
0.01849
0.01848
0.01848
0.01848
0.01848
0.01848
0.01847
0.01847
0.01847
0.01847
0.01847
0.01846
0.01846
0.01846
0.01846
0.01846
0.01845
0.01845
0.01845
0.01845
0.01845
0.01845
0.01844
0.01844
0.01844
0.01844
0.01844
0.01843
0.01843
0.01843
0.01843
0.01843
0.01842
0.01842
0.01842
0.01842
0.01842
0.01841
0.01841
0.01841
0.01841
0.01841
0.01841
0.01840
0.01840
0.01840
0.01840
0.01840
0.01839
0.01839
0.01839
0.01839
0.01839
0.01838
0.01838
0.01838
0.01838
0.01838
0.01837
0.01837
0.01837
0.01837
0.01837
0.01837
0.01836
0.01836
0.01836
0.01836
0.01836
0.01835
0.01835
0.01835
0.01835
0.01835
0.01834
0.01834
0.01834
0.01834
0.01834
0.01833
0.01833
0.01833
0.01833
0.01833
0.01832
0.01832
0.01832
0.01832
0.01832
0.01832
0.01831
0.01831
0.01831
0.01831
0.01831
0.01830
0.01830
0.01830
0.01830
0.01830
0.01829
0.01829
0.01829
0.01829
0.01829
0.01828
0.01828
0.01828
0.01828
0.01828
0.01827
0.01827
0.01827
0.01827
0.01827
0.01827
0.01826
0.01826
0.01826
0.01826
0.01826
0.01825
0.01825
0.01825
0.01825
0.01825
0.01824
0.01824
0.01824
0.01824
0.01824
0.01823
0.01823
0.01823
0.01823
0.01823
0.01822
0.01822
0.01822
0.01822
0.01822
0.01821
0.01821
0.01821
0.01821
0.01821
0.01821
0.01820
0.01820
0.01820
0.01820
0.01820
0.01819
0.01819
0.01819
0.01819
0.01819
0.01818
0.01818
0.01818
0.01818
0.01818
0.01817
0.01817
0.01817
0.01817
0.01817
0.01816
0.01816
0.01816
0.01816
0.01816
0.01815
0.01815
0.01815
0.01815
0.01815
0.01815
0.01814
0.01814
0.01814
0.01814
0.01814
0.01813
0.01813
0.01813
0.01813
0.01813
0.01812
0.01812
0.01812
0.01812
0.01812
0.01811
0.01811
0.01811
0.01811
0.01811
0.01810
0.01810
0.01810
0.01810
0.01810
0.01809
0.01809
0.01809
0.01809
0.01809
0.01808
0.01808
0.01808
0.01808
0.01808
0.01808
0.01807
0.01807
0.01807
0.01807
0.01807
0.01806
0.01806
0.01806
0.01806
0.01806
0.01805
0.01805
0.01805
0.01805
0.01805
0.01804
0.01804
0.01804
0.01804
0.01804
0.01803
0.01803
0.01803
0.01803
0.01803
0.01802
0.01802
0.01802
0.01802
0.01802
0.01801
0.01801
0.01801
0.01801
0.01801
0.01800
0.01800
0.01800
0.01800
0.01800
0.01800
0.01799
0.01799
0.01799
0.01799
0.01799
0.01798
0.01798
0.01798
0.01798
0.01798
0.01797
0.01797
0.01797
0.01797
0.01797
0.01796
0.01796
0.01796
0.01796
0.01796
0.01795
0.01795
0.01795
0.01795
0.01795
0.01794
0.01794
0.01794
0.01794
0.01794
0.01793
0.01793
0.01793
0.01793
0.01793
0.01792
0.01792
0.01792
0.01792
0.01792
0.01791
0.01791
0.01791
0.01791
0.01791
0.01791
0.01790
0.01790
0.01790
0.01790
0.01790
0.01789
0.01789
0.01789
0.01789
0.01789
0.01788
0.01788
0.01788
0.01788
0.01788
0.01787
0.01787
0.01787
0.01787
0.01787
0.01786
0.01786
0.01786
0.01786
0.01786
0.01785
0.01785
0.01785
0.01785
0.01785
0.01784
0.01784
0.01784
0.01784
0.01784
0.01783
0.01783
0.01783
0.01783
0.01783
0.01782
0.01782
0.01782
0.01782
0.01782
0.01781
0.01781
0.01781
0.01781
0.01781
0.01780
0.01780
0.01780
0.01780
0.01780
0.01780
0.01779
0.01779
0.01779
0.01779
0.01779
0.01778
0.01778
0.01778
0.01778
0.01778
0.01777
0.01777
0.01777
0.01777
0.01777
0.01776
0.01776
0.01776
0.01776
0.01776
0.01775
0.01775
0.01775
0.01775
0.01775
0.01774
0.01774
0.01774
0.01774
0.01774
0.01773
0.01773
0.01773
0.01773
0.01773
0.01772
0.01772
0.01772
0.01772
0.01772
0.01771
0.01771
0.01771
0.01771
0.01771
0.01770
0.01770
0.01770
0.01770
0.01770
0.01769
0.01769
0.01769
0.01769
0.01769
0.01768
0.01768
0.01768
0.01768
0.01768
0.01767
0.01767
0.01767
0.01767
0.01767
0.01766
0.01766
0.01766
0.01766
0.01766
0.01765
0.01765
0.01765
0.01765
0.01765
0.01764
0.01764
0.01764
0.01764
0.01764
0.01763
0.01763
0.01763
0.01763
0.01763
0.01762
0.01762
0.01762
0.01762
0.01762
0.01761
0.01761
0.01761
0.01761
0.01761
0.01760
0.01760
0.01760
0.01760
0.01760
0.01759
0.01759
0.01759
0.01759
0.01759
0.01758
0.01758
0.01758
0.01758
0.01758
0.01757
0.01757
0.01757
0.01757
0.01757
0.01756
0.01756
0.01756
0.01756
0.01756
0.01755
0.01755
0.01755
0.01755
0.01755
0.01754
0.01754
0.01754
0.01754
0.01754
0.01753
0.01753
0.01753
0.01753
0.01753
0.01752
0.01752
0.01752
0.01752
0.01752
0.01751
0.01751
0.01751
0.01751
0.01751
0.01750
0.01750
0.01750
0.01750
0.01750
0.01749
0.01749
0.01749
0.01749
0.01749
0.01748
0.01748
0.01748
0.01748
0.01748
0.01747
0.01747
0.01747
0.01747
0.01747
0.01746
0.01746
0.01746
0.01746
0.01745
0.01745
0.01745
0.01745
0.01745
0.01744
0.01744
0.01744
0.01744
0.01744
0.01743
0.01743
0.01743
0.01743
0.01743
0.01742
0.01742
0.01742
0.01742
0.01741
0.01741
0.01741
0.01741
0.01741
0.01740
0.01740
0.01740
0.01740
0.01740
0.01739
0.01739
0.01739
0.01739
0.01738
0.01738
0.01738
0.01738
0.01738
0.01737
0.01737
0.01737
0.01737
0.01737
0.01736
0.01736
0.01736
0.01736
0.01735
0.01735
0.01735
0.01735
0.01735
0.01734
0.01734
0.01734
0.01734
0.01733
0.01733
0.01733
0.01733
0.01733
0.01732
0.01732
0.01732
0.01732
0.01731
0.01731
0.01731
0.01731
0.01730
0.01730
0.01730
0.01730
0.01729
0.01729
0.01729
0.01729
0.01729
0.01728
0.01728
0.01728
0.01728
0.01727
0.01727
0.01727
0.01727
0.01726
0.01726
0.01726
0.01726
0.01725
0.01725
0.01725
0.01725
0.01724
0.01724
0.01724
0.01724
0.01723
0.01723
0.01723
0.01723
0.01722
0.01722
0.01722
0.01721
0.01721
0.01721
0.01721
0.01720
0.01720
0.01720
0.01720
0.01719
0.01719
0.01719
0.01718
0.01718
0.01718
0.01718
0.01717
0.01717
0.01717
0.01716
0.01716
0.01716
0.01716
0.01715
0.01715
0.01715
0.01714
0.01714
0.01714
0.01713
0.01713
0.01713
0.01713
0.01712
0.01712
0.01712
0.01711
0.01711
0.01711
0.01710
0.01710
0.01710
0.01709
0.01709
0.01709
0.01708
0.01708
0.01707
0.01707
0.01707
0.01706
0.01706
0.01706
0.01705
0.01705
0.01704
0.01704
0.01704
0.01703
0.01703
0.01703
0.01702
0.01702
0.01701
0.01701
0.01700
0.01700
0.01700
0.01699
0.01699
0.01698
0.01698
0.01697
0.01697
0.01697
0.01696
0.01696
0.01695
0.01695
0.01694
0.01694
0.01693
0.01693
0.01692
0.01692
0.01691
0.01691
0.01690
0.01690
0.01689
0.01688
0.01688
0.01687
0.01687
0.01686
0.01686
0.01685
0.01684
0.01684
0.01683
0.01683
0.01682
0.01681
0.01681
0.01680
0.01679
0.01679
0.01678
0.01677
0.01677
0.01676
0.01675
0.01675
0.01674
0.01673
0.01672
0.01672
0.01671
0.01670
0.01669
0.01668
0.01668
0.01667
0.01666
0.01665
0.01664
0.01663
0.01662
0.01661
0.01661
0.01660
0.01659
0.01658
0.01657
0.01656
0.01655
0.01654
0.01653
0.01652
0.01650
0.01649
0.01648
0.01647
0.01646
0.01645
0.01644
0.01642
0.01641
0.01640
0.01639
0.01637
0.01636
0.01635
0.01634
0.01632
0.01631
0.01629
0.01628
0.01627
0.01625
0.01624
0.01622
0.01620
0.01619
0.01617
0.01616
0.01614
0.01612
0.01611
0.01609
0.01607
0.01605
0.01604
0.01602
0.01600
0.01598
0.01596
0.01594
0.01592
0.01590
0.01588
0.01586
0.01583
0.01581
0.01579
0.01577
0.01575
0.01572
0.01570
0.01567
0.01565
0.01562
0.01560
0.01557
0.01555
0.01552
0.01549
0.01547
0.01544
0.01541
0.01538
0.01535
0.01532
0.01529
0.01526
0.01523
0.01520
0.01516
0.01513
0.01510
0.01506
0.01503
0.01499
0.01496
0.01492
0.01489
0.01485
0.01481
0.01477
0.01473
0.01469
0.01465
0.01461
0.01457
0.01453
0.01448
0.01444
0.01440
0.01435
0.01431
0.01426
0.01421
0.01417
0.01412
0.01407
0.01402
0.01397
0.01392
0.01387
0.01381
0.01376
0.01371
0.01365
0.01360
0.01354
0.01348
0.01343
0.01337
0.01331
0.01325
0.01319
0.01312
0.01306
0.01300
0.01293
0.01287
0.01280
0.01274
0.01267
0.01260
0.01253
0.01246
0.01239
0.01232
0.01224
0.01217
0.01210
0.01202
0.01194
0.01187
0.01179
0.01171
0.01163
0.01155
0.01147
0.01138
0.01130
0.01122
0.01113
0.01104
0.01096
0.01087
0.01078
0.01069
0.01060
0.01051
0.01041
0.01032
0.01022
0.01013
0.01003
0.00993
0.00983
0.00973
0.00963
0.00953
0.00943
0.00932
0.00922
0.00911
0.00901
0.00890
0.00879
0.00868
0.00857
0.00846
0.00835
0.00823
0.00812
0.00800
0.00789
0.00777
0.00765
0.00753
0.00741
0.00729
0.00717
0.00704
0.00692
0.00680
0.00667
0.00654
0.00641
0.00628
0.00615
0.00602
0.00589
0.00576
0.00562
0.00549
0.00535
0.00522
0.00508
0.00494
0.00480
0.00466
0.00452
0.00438
0.00423
0.00409
0.00394
0.00380
0.00365
0.00350
0.00335
0.00320
0.00305
0.00290
0.00275
0.00259
0.00244
0.00228
0.00213
0.00197
0.00181
0.00165
0.00149
0.00133
0.00117
0.00101
0.00085
0.00068
0.00052
0.00035
0.00018
0.00002
-0.00015
-0.00032
-0.00049
-0.00066
-0.00083
-0.00101
-0.00118
-0.00135
-0.00153
-0.00171
-0.00188
-0.00206
-0.00224
-0.00242
-0.00260
-0.00278
-0.00296
-0.00314
-0.00332
-0.00351
-0.00369
-0.00388
-0.00406
-0.00425
-0.00444
-0.00463
-0.00482
-0.00501
-0.00520
-0.00539
-0.00558
-0.00577
-0.00597
-0.00616
-0.00636
-0.00655
-0.00675
-0.00694
-0.00714
-0.00734
-0.00754
-0.00774
-0.00794
-0.00814
-0.00834
-0.00855
-0.00875
-0.00895
-0.00916
-0.00936
-0.00957
-0.00977
-0.00998
-0.01019
-0.01040
-0.01061
-0.01082
-0.01103
-0.01124
-0.01145
-0.01166
-0.01187
-0.01209
-0.01230
-0.01251
-0.01273
-0.01294
-0.01316
-0.01338
-0.01359
-0.01381
-0.01403
-0.01425
-0.01447
-0.01469
-0.01491
-0.01513
-0.01535
-0.01558
-0.01580
-0.01602
-0.01625
-0.01647
-0.01670
-0.01692
-0.01715
-0.01737
-0.01760
-0.01783
-0.01806
-0.01829