0.01918
0.01918
0.01918
0.01918
0.01918
0.01918
0.01918
0.01918
0.01918
0.01918
0.01918
0.01918
0.01918
0.01918
0.01918
0.01918
0.01918
0.01918
0.01918
0.01918
0.01918
0.01918
0.01918
0.01918
0.01918
0.01917
0.01917
0.01917
0.01917
0.01917
0.01917
0.01917
0.01917
0.01917
0.01917
0.01917
0.01917
0.01917
0.01917
0.01917
0.01917
0.01917
0.01917
0.01917
0.01917
0.01917
0.01917
0.01917
0.01917
0.01917
0.01917
0.01917
0.01917
0.01917
0.01917
0.01917
0.01917
0.01917
0.01917
0.01917
0.01917
0.01917
0.01917
0.01917
0.01917
0.01917
0.01917
0.01917
0.01917
0.01917
0.01917
0.01917
0.01917
0.01917
0.01917
0.01917
0.01917
0.01917
0.01917
0.01917
0.01917
0.01917
0.01917
0.01917
0.01917
0.01917
0.01917
0.01917
0.01917
0.01917
0.01917
0.01917
0.01917
0.01917
0.01917
0.01917
0.01917
0.01917
0.01917
0.01917
0.01917
0.01917
0.01917
0.01917
0.01917
0.01917
0.01916
0.01916
0.01916
0.01916
0.01916
0.01916
0.01916
0.01916
0.01916
0.01916
0.01916
0.01916
0.01916
0.01916
0.01916
0.01916
0.01916
0.01916
0.01916
0.01916
0.01916
0.01916
0.01916
0.01916
0.01916
0.01916
0.01916
0.01916
0.01916
0.01916
0.01916
0.01916
0.01916
0.01916
0.01916
0.01916
0.01916
0.01916
0.01916
0.01916
0.01916
0.01916
0.01916
0.01916
0.01916
0.01916
0.01916
0.01916
0.01916
0.01916
0.01916
0.01916
0.01916
0.01916
0.01916
0.01916
0.01916
0.01916
0.01916
0.01916
0.01916
0.01916
0.01916
0.01916
0.01916
0.01916
0.01916
0.01916
0.01916
0.01916
0.01916
0.01916
0.01916
0.01915
0.01915
0.01915
0.01915
0.01915
0.01915
0.01915
0.01915
0.01915
0.01915
0.01915
0.01915
0.01915
0.01915
0.01915
0.01915
0.01915
0.01915
0.01915
0.01915
0.01915
0.01915
0.01915
0.01915
0.01915
0.01915
0.01915
0.01915
0.01915
0.01915
0.01915
0.01915
0.01915
0.01915
0.01915
0.01915
0.01915
0.01915
0.01915
0.01915
0.01915
0.01915
0.01915
0.01915
0.01915
0.01915
0.01915
0.01915
0.01915
0.01915
0.01915
0.01915
0.01915
0.01915
0.01915
0.01915
0.01915
0.01915
0.01915
0.01915
0.01915
0.01914
0.01914
0.01914
0.01914
0.01914
0.01914
0.01914
0.01914
0.01914
0.01914
0.01914
0.01914
0.01914
0.01914
0.01914
0.01914
0.01914
0.01914
0.01914
0.01914
0.01914
0.01914
0.01914
0.01914
0.01914
0.01914
0.01914
0.01914
0.01914
0.01914
0.01914
0.01914
0.01914
0.01914
0.01914
0.01914
0.01914
0.01914
0.01914
0.01914
0.01914
0.01914
0.01914
0.01914
0.01914
0.01914
0.01914
0.01913
0.01913
0.01913
0.01913
0.01913
0.01913
0.01913
0.01913
0.01913
0.01913
0.01913
0.01913
0.01913
0.01913
0.01913
0.01913
0.01913
0.01913
0.01913
0.01913
0.01913
0.01913
0.01913
0.01913
0.01913
0.01913
0.01913
0.01913
0.01913
0.01913
0.01913
0.01913
0.01913
0.01913
0.01913
0.01913
0.01912
0.01912
0.01912
0.01912
0.01912
0.01912
0.01912
0.01912
0.01912
0.01912
0.01912
0.01912
0.01912
0.01912
0.01912
0.01912
0.01912
0.01912
0.01912
0.01912
0.01912
0.01912
0.01912
0.01912
0.01912
0.01912
0.01912
0.01912
0.01912
0.01911
0.01911
0.01911
0.01911
0.01911
0.01911
0.01911
0.01911
0.01911
0.01911
0.01911
0.01911
0.01911
0.01911
0.01911
0.01911
0.01911
0.01911
0.01911
0.01911
0.01911
0.01911
0.01911
0.01910
0.01910
0.01910
0.01910
0.01910
0.01910
0.01910
0.01910
0.01910
0.01910
0.01910
0.01910
0.01910
0.01910
0.01910
0.01910
0.01910
0.01910
0.01910
0.01910
0.01909
0.01909
0.01909
0.01909
0.01909
0.01909
0.01909
0.01909
0.01909
0.01909
0.01909
0.01909
0.01909
0.01909
0.01909
0.01909
0.01909
0.01908
0.01908
0.01908
0.01908
0.01908
0.01908
0.01908
0.01908
0.01908
0.01908
0.01908
0.01908
0.01908
0.01908
0.01908
0.01908
0.01907
0.01907
0.01907
0.01907
0.01907
0.01907
0.01907
0.01907
0.01907
0.01907
0.01907
0.01907
0.01907
0.01906
0.01906
0.01906
0.01906
0.01906
0.01906
0.01906
0.01906
0.01906
0.01906
0.01906
0.01906
0.01906
0.01905
0.01905
0.01905
0.01905
0.01905
0.01905
0.01905
0.01905
0.01905
0.01905
0.01905
0.01904
0.01904
0.01904
0.01904
0.01904
0.01904
0.01904
0.01904
0.01904
0.01904
0.01904
0.01903
0.01903
0.01903
0.01903
0.01903
0.01903
0.01903
0.01903
0.01903
0.01903
0.01902
0.01902
0.01902
0.01902
0.01902
0.01902
0.01902
0.01902
0.01902
0.01902
0.01901
0.01901
0.01901
0.01901
0.01901
0.01901
0.01901
0.01901
0.01901
0.01900
0.01900
0.01900
0.01900
0.01900
0.01900
0.01900
0.01900
0.01899
0.01899
0.01899
0.01899
0.01899
0.01899
0.01899
0.01899
0.01898
0.01898
0.01898
0.01898
0.01898
0.01898
0.01898
0.01898
0.01897
0.01897
0.01897
0.01897
0.01897
0.01897
0.01897
0.01897
0.01896
0.01896
0.01896
0.01896
0.01896
0.01896
0.01896
0.01895
0.01895
0.01895
0.01895
0.01895
0.01895
0.01895
0.01894
0.01894
0.01894
0.01894
0.01894
0.01894
0.01894
0.01893
0.01893
0.01893
0.01893
0.01893
0.01893
0.01893
0.01892
0.01892
0.01892
0.01892
0.01892
0.01892
0.01892
0.01891
0.01891
0.01891
0.01891
0.01891
0.01891
0.01891
0.01890
0.01890
0.01890
0.01890
0.01890
0.01890
0.01889
0.01889
0.01889
0.01889
0.01889
0.01889
0.01888
0.01888
0.01888
0.01888
0.01888
0.01888
0.01888
0.01887
0.01887
0.01887
0.01887
0.01887
0.01887
0.01886
0.01886
0.01886
0.01886
0.01886
0.01886
0.01885
0.01885
0.01885
0.01885
0.01885
0.01885
0.01884
0.01884
0.01884
0.01884
0.01884
0.01884
0.01883
0.01883
0.01883
0.01883
0.01883
0.01883
0.01883
0.01882
0.01882
0.01882
0.01882
0.01882
0.01881
0.01881
0.01881
0.01881
0.01881
0.01881
0.01880
0.01880
0.01880
0.01880
0.01880
0.01880
0.01879
0.01879
0.01879
0.01879
0.01879
0.01879
0.01878
0.01878
0.01878
0.01878
0.01878
0.01878
0.01877
0.01877
0.01877
0.01877
0.01877
0.01877
0.01876
0.01876
0.01876
0.01876
0.01876
0.01876
0.01875
0.01875
0.01875
0.01875
0.01875
0.01874
0.01874
0.01874
0.01874
0.01874
0.01874
0.01873
0.01873
0.01873
0.01873
0.01873
0.01873
0.01872
0.01872
0.01872
0.01872
0.01872
0.01871
0.01871
0.01871
0.01871
0.01871
0.01871
0.01870
0.01870
0.01870
0.01870
0.01870
0.01870
0.01869
0.01869
0.01869
0.01869
0.01869
0.01868
0.01868
0.01868
0.01868
0.01868
0.01868
0.01867
0.01867
0.01867
0.01867
0.01867
0.01867
0.01866
0.01866
0.01866
0.01866
0.01866
0.01865
0.01865
0.01865
0.01865
0.01865
0.01865
0.01864
0.01864
0.01864
0.01864
0.01864
0.01863
0.01863
0.01863
0.01863
0.01863
0.01863
0.01862
0.01862
0.01862
0.01862
0.01862
0.01861
0.01861
0.01861
0.01861
0.01861
0.01861
0.01860
0.01860
0.01860
0.01860
0.01860
0.01859
0.01859
0.01859
0.01859
0.01859
0.01859
0.01858
0.01858
0.01858
0.01858
0.01858
0.01857
0.01857
0.01857
0.01857
0.01857
0.01857
0.01856
0.01856
0.01856
0.01856
0.01856
0.01855
0.01855
0.01855
0.01855
0.01855
0.01855
0.01854
0.01854
0.01854
0.01854
0.01854
0.01853
0.01853
0.01853
0.01853
0.01853
0.01852
0.01852
0.01852
0.01852
0.01852
0.01852
0.01851
0.01851
0.01851
0.01851
0.01851
0.01850
0.01850
0.01850
0.01850
0.01850
0.01850
0.01849
0.01849
0.01849
0.01849
0.01849
0.01848
0.01848
0.01848
0.01848
0.01848
0.01847
0.01847
0.01847
0.01847
0.01847
0.01847
0.01846
0.01846
0.01846
0.01846
0.01846
0.01845
0.01845
0.01845
0.01845
0.01845
0.01844
0.01844
0.01844
0.01844
0.01844
0.01844
0.01843
0.01843
0.01843
0.01843
0.01843
0.01842
0.01842
0.01842
0.01842
0.01842
0.01841
0.01841
0.01841
0.01841
0.01841
0.01841
0.01840
0.01840
0.01840
0.01840
0.01840
0.01839
0.01839
0.01839
0.01839
0.01839
0.01838
0.01838
0.01838
0.01838
0.01838
0.01838
0.01837
0.01837
0.01837
0.01837
0.01837
0.01836
0.01836
0.01836
0.01836
0.01836
0.01835
0.01835
0.01835
0.01835
0.01835
0.01835
0.01834
0.01834
0.01834
0.01834
0.01834
0.01833
0.01833
0.01833
0.01833
0.01833
0.01832
0.01832
0.01832
0.01832
0.01832
0.01832
0.01831
0.01831
0.01831
0.01831
0.01831
0.01830
0.01830
0.01830
0.01830
0.01830
0.01829
0.01829
0.01829
0.01829
0.01829
0.01828
0.01828
0.01828
0.01828
0.01828
0.01828
0.01827
0.01827
0.01827
0.01827
0.01827
0.01826
0.01826
0.01826
0.01826
0.01826
0.01825
0.01825
0.01825
0.01825
0.01825
0.01824
0.01824
0.01824
0.01824
0.01824
0.01824
0.01823
0.01823
0.01823
0.01823
0.01823
0.01822
0.01822
0.01822
0.01822
0.01822
0.01821
0.01821
0.01821
0.01821
0.01821
0.01820
0.01820
0.01820
0.01820
0.01820
0.01820
0.01819
0.01819
0.01819
0.01819
0.01819
0.01818
0.01818
0.01818
0.01818
0.01818
0.01817
0.01817
0.01817
0.01817
0.01817
0.01816
0.01816
0.01816
0.01816
0.01816
0.01816
0.01815
0.01815
0.01815
0.01815
0.01815
0.01814
0.01814
0.01814
0.01814
0.01814
0.01813
0.01813
0.01813
0.01813
0.01813
0.01812
0.01812
0.01812
0.01812
0.01812
0.01812
0.01811
0.01811
0.01811
0.01811
0.01811
0.01810
0.01810
0.01810
0.01810
0.01810
0.01809
0.01809
0.01809
0.01809
0.01809
0.01808
0.01808
0.01808
0.01808
0.01808
0.01807
0.01807
0.01807
0.01807
0.01807
0.01807
0.01806
0.01806
0.01806
0.01806
0.01806
0.01805
0.01805
0.01805
0.01805
0.01805
0.01804
0.01804
0.01804
0.01804
0.01804
0.01803
0.01803
0.01803
0.01803
0.01803
0.01802
0.01802
0.01802
0.01802
0.01802
0.01802
0.01801
0.01801
0.01801
0.01801
0.01801
0.01800
0.01800
0.01800
0.01800
0.01800
0.01799
0.01799
0.01799
0.01799
0.01799
0.01798
0.01798
0.01798
0.01798
0.01798
0.01797
0.01797
0.01797
0.01797
0.01797
0.01796
0.01796
0.01796
0.01796
0.01796
0.01796
0.01795
0.01795
0.01795
0.01795
0.01795
0.01794
0.01794
0.01794
0.01794
0.01794
0.01793
0.01793
0.01793
0.01793
0.01793
0.01792
0.01792
0.01792
0.01792
0.01792
0.01791
0.01791
0.01791
0.01791
0.01791
0.01791
0.01790
0.01790
0.01790
0.01790
0.01790
0.01789
0.01789
0.01789
0.01789
0.01789
0.01788
0.01788
0.01788
0.01788
0.01788
0.01787
0.01787
0.01787
0.01787
0.01787
0.01786
0.01786
0.01786
0.01786
0.01786
0.01785
0.01785
0.01785
0.01785
0.01785
0.01785
0.01784
0.01784
0.01784
0.01784
0.01784
0.01783
0.01783
0.01783
0.01783
0.01783
0.01782
0.01782
0.01782
0.01782
0.01782
0.01781
0.01781
0.01781
0.01781
0.01781
0.01780
0.01780
0.01780
0.01780
0.01780
0.01779
0.01779
0.01779
0.01779
0.01779
0.01778
0.01778
0.01778
0.01778
0.01778
0.01778
0.01777
0.01777
0.01777
0.01777
0.01777
0.01776
0.01776
0.01776
0.01776
0.01776
0.01775
0.01775
0.01775
0.01775
0.01775
0.01774
0.01774
0.01774
0.01774
0.01774
0.01773
0.01773
0.01773
0.01773
0.01773
0.01772
0.01772
0.01772
0.01772
0.01772
0.01771
0.01771
0.01771
0.01771
0.01771
0.01771
0.01770
0.01770
0.01770
0.01770
0.01770
0.01769
0.01769
0.01769
0.01769
0.01769
0.01768
0.01768
0.01768
0.01768
0.01768
0.01767
0.01767
0.01767
0.01767
0.01767
0.01766
0.01766
0.01766
0.01766
0.01766
0.01765
0.01765
0.01765
0.01765
0.01765
0.01764
0.01764
0.01764
0.01764
0.01764
0.01764
0.01763
0.01763
0.01763
0.01763
0.01763
0.01762
0.01762
0.01762
0.01762
0.01762
0.01761
0.01761
0.01761
0.01761
0.01761
0.01760
0.01760
0.01760
0.01760
0.01760
0.01759
0.01759
0.01759
0.01759
0.01759
0.01758
0.01758
0.01758
0.01758
0.01758
0.01757
0.01757
0.01757
0.01757
0.01757
0.01756
0.01756
0.01756
0.01756
0.01756
0.01755
0.01755
0.01755
0.01755
0.01755
0.01755
0.01754
0.01754
0.01754
0.01754
0.01754
0.01753
0.01753
0.01753
0.01753
0.01753
0.01752
0.01752
0.01752
0.01752
0.01752
0.01751
0.01751
0.01751
0.01751
0.01751
0.01750
0.01750
0.01750
0.01750
0.01750
0.01749
0.01749
0.01749
0.01749
0.01749
0.01748
0.01748
0.01748
0.01748
0.01748
0.01747
0.01747
0.01747
0.01747
0.01747
0.01746
0.01746
0.01746
0.01746
0.01746
0.01745
0.01745
0.01745
0.01745
0.01745
0.01744
0.01744
0.01744
0.01744
0.01744
0.01743
0.01743
0.01743
0.01743
0.01743
0.01743
0.01742
0.01742
0.01742
0.01742
0.01742
0.01741
0.01741
0.01741
0.01741
0.01741
0.01740
0.01740
0.01740
0.01740
0.01740
0.01739
0.01739
0.01739
0.01739
0.01739
0.01738
0.01738
0.01738
0.01738
0.01738
0.01737
0.01737
0.01737
0.01737
0.01737
0.01736
0.01736
0.01736
0.01736
0.01736
0.01735
0.01735
0.01735
0.01735
0.01735
0.01734
0.01734
0.01734
0.01734
0.01734
0.01733
0.01733
0.01733
0.01733
0.01733
0.01732
0.01732
0.01732
0.01732
0.01732
0.01731
0.01731
0.01731
0.01731
0.01731
0.01730
0.01730
0.01730
0.01730
0.01729
0.01729
0.01729
0.01729
0.01729
0.01728
0.01728
0.01728
0.01728
0.01728
0.01727
0.01727
0.01727
0.01727
0.01727
0.01726
0.01726
0.01726
0.01726
0.01726
0.01725
0.01725
0.01725
0.01725
0.01725
0.01724
0.01724
0.01724
0.01724
0.01724
0.01723
0.01723
0.01723
0.01723
0.01722
0.01722
0.01722
0.01722
0.01722
0.01721
0.01721
0.01721
0.01721
0.01721
0.01720
0.01720
0.01720
0.01720
0.01720
0.01719
0.01719
0.01719
0.01719
0.01718
0.01718
0.01718
0.01718
0.01718
0.01717
0.01717
0.01717
0.01717
0.01716
0.01716
0.01716
0.01716
0.01716
0.01715
0.01715
0.01715
0.01715
0.01714
0.01714
0.01714
0.01714
0.01714
0.01713
0.01713
0.01713
0.01713
0.01712
0.01712
0.01712
0.01712
0.01712
0.01711
0.01711
0.01711
0.01711
0.01710
0.01710
0.01710
0.01710
0.01709
0.01709
0.01709
0.01709
0.01708
0.01708
0.01708
0.01708
0.01707
0.01707
0.01707
0.01707
0.01706
0.01706
0.01706
0.01706
0.01705
0.01705
0.01705
0.01705
0.01704
0.01704
0.01704
0.01704
0.01703
0.01703
0.01703
0.01703
0.01702
0.01702
0.01702
0.01702
0.01701
0.01701
0.01701
0.01700
0.01700
0.01700
0.01700
0.01699
0.01699
0.01699
0.01698
0.01698
0.01698
0.01698
0.01697
0.01697
0.01697
0.01696
0.01696
0.01696
0.01695
0.01695
0.01695
0.01695
0.01694
0.01694
0.01694
0.01693
0.01693
0.01693
0.01692
0.01692
0.01692
0.01691
0.01691
0.01691
0.01690
0.01690
0.01689
0.01689
0.01689
0.01688
0.01688
0.01688
0.01687
0.01687
0.01687
0.01686
0.01686
0.01685
0.01685
0.01685
0.01684
0.01684
0.01683
0.01683
0.01683
0.01682
0.01682
0.01681
0.01681
0.01680
0.01680
0.01679
0.01679
0.01679
0.01678
0.01678
0.01677
0.01677
0.01676
0.01676
0.01675
0.01675
0.01674
0.01674
0.01673
0.01673
0.01672
0.01672
0.01671
0.01670
0.01670
0.01669
0.01669
0.01668
0.01667
0.01667
0.01666
0.01666
0.01665
0.01664
0.01664
0.01663
0.01662
0.01662
0.01661
0.01660
0.01660
0.01659
0.01658
0.01658
0.01657
0.01656
0.01655
0.01655
0.01654
0.01653
0.01652
0.01651
0.01650
0.01650
0.01649
0.01648
0.01647
0.01646
0.01645
0.01644
0.01643
0.01642
0.01641
0.01640
0.01639
0.01638
0.01637
0.01636
0.01635
0.01634
0.01633
0.01632
0.01631
0.01630
0.01629
0.01627
0.01626
0.01625
0.01624
0.01622
0.01621
0.01620
0.01618
0.01617
0.01616
0.01614
0.01613
0.01611
0.01610
0.01608
0.01607
0.01605
0.01604
0.01602
0.01601
0.01599
0.01597
0.01595
0.01594
0.01592
0.01590
0.01588
0.01586
0.01585
0.01583
0.01581
0.01579
0.01577
0.01575
0.01572
0.01570
0.01568
0.01566
0.01564
0.01561
0.01559
0.01557
0.01554
0.01552
0.01549
0.01547
0.01544
0.01542
0.01539
0.01536
0.01533
0.01531
0.01528
0.01525
0.01522
0.01519
0.01516
0.01513
0.01510
0.01507
0.01503
0.01500
0.01497
0.01493
0.01490
0.01486
0.01483
0.01479
0.01475
0.01472
0.01468
0.01464
0.01460
0.01456
0.01452
0.01448
0.01444
0.01440
0.01435
0.01431
0.01426
0.01422
0.01417
0.01413
0.01408
0.01403
0.01398
0.01394
0.01389
0.01384
0.01378
0.01373
0.01368
0.01363
0.01357
0.01352
0.01346
0.01340
0.01335
0.01329
0.01323
0.01317
0.01311
0.01305
0.01299
0.01292
0.01286
0.01279
0.01273
0.01266
0.01260
0.01253
0.01246
0.01239
0.01232
0.01225
0.01218
0.01210
0.01203
0.01195
0.01188
0.01180
0.01172
0.01164
0.01156
0.01148
0.01140
0.01132
0.01124
0.01115
0.01107
0.01098
0.01090
0.01081
0.01072
0.01063
0.01054
0.01045
0.01035
0.01026
0.01017
0.01007
0.00998
0.00988
0.00978
0.00968
0.00958
0.00948
0.00938
0.00927
0.00917
0.00906
0.00896
0.00885
0.00874
0.00863
0.00852
0.00841
0.00830
0.00819
0.00808
0.00796
0.00784
0.00773
0.00761
0.00749
0.00737
0.00725
0.00713
0.00701
0.00688
0.00676
0.00663
0.00651
0.00638
0.00625
0.00612
0.00599
0.00586
0.00573
0.00560
0.00546
0.00533
0.00519
0.00505
0.00492
0.00478
0.00464
0.00450
0.00435
0.00421
0.00407
0.00392
0.00378
0.00363
0.00348
0.00334
0.00319
0.00304
0.00289
0.00274
0.00258
0.00243
0.00227
0.00212
0.00196
0.00181
0.00165
0.00149
0.00133
0.00117
0.00101
0.00085
0.00068
0.00052
0.00035
0.00019
0.00002
-0.00015
-0.00031
-0.00048
-0.00065
-0.00082
-0.00100
-0.00117
-0.00134
-0.00152
-0.00169
-0.00187
-0.00204
-0.00222
-0.00240
-0.00258
-0.00276
-0.00294
-0.00312
-0.00330
-0.00348
-0.00367
-0.00385
-0.00403
-0.00422
-0.00441
-0.00459
-0.00478
-0.00497
-0.00516
-0.00535
-0.00554
-0.00573
-0.00592
-0.00612
-0.00631
-0.00651
-0.00670
-0.00690
-0.00709
-0.00729
-0.00749
-0.00769
-0.00788
-0.00808
-0.00829
-0.00849
-0.00869
-0.00889
-0.00909
-0.00930
-0.00950
-0.00971
-0.00991
-0.01012
-0.01033
-0.01053
-0.01074
-0.01095
-0.01116
-0.01137
-0.01158
-0.01179
-0.01200
-0.01222
-0.01243
-0.01264
-0.01286
-0.01307
-0.01329
-0.01350
-0.01372
-0.01394
-0.01415
-0.01437
-0.01459
-0.01481
-0.01503
-0.01525
-0.01547
-0.01569
-0.01591
-0.01614
-0.01636
-0.01658
-0.01681
-0.01703
-0.01726
-0.01748
-0.01771
-0.01793
-0.01816