0.01918
0.01918
0.01918
0.01918
0.01918
0.01918
0.01918
0.01918
0.01918
0.01918
0.01918
0.01918
0.01918
0.01918
0.01918
0.01918
0.01918
0.01918
0.01918
0.01918
0.01918
0.01918
0.01918
0.01918
0.01918
0.01918
0.01918
0.01918
0.01918
0.01918
0.01918
0.01918
0.01918
0.01918
0.01918
0.01918
0.01918
0.01918
0.01918
0.01918
0.01918
0.01918
0.01918
0.01918
0.01918
0.01918
0.01918
0.01918
0.01918
0.01918
0.01918
0.01918
0.01918
0.01918
0.01918
0.01918
0.01918
0.01918
0.01918
0.01918
0.01918
0.01918
0.01918
0.01918
0.01918
0.01918
0.01918
0.01918
0.01918
0.01918
0.01918
0.01918
0.01918
0.01918
0.01918
0.01918
0.01918
0.01918
0.01918
0.01918
0.01918
0.01917
0.01917
0.01917
0.01917
0.01917
0.01917
0.01917
0.01917
0.01917
0.01917
0.01917
0.01917
0.01917
0.01917
0.01917
0.01917
0.01917
0.01917
0.01917
0.01917
0.01917
0.01917
0.01917
0.01917
0.01917
0.01917
0.01917
0.01917
0.01917
0.01917
0.01917
0.01917
0.01917
0.01917
0.01917
0.01917
0.01917
0.01917
0.01917
0.01917
0.01917
0.01917
0.01917
0.01917
0.01917
0.01917
0.01917
0.01917
0.01917
0.01917
0.01917
0.01917
0.01917
0.01917
0.01917
0.01917
0.01917
0.01917
0.01917
0.01917
0.01917
0.01917
0.01917
0.01917
0.01917
0.01917
0.01917
0.01917
0.01917
0.01917
0.01917
0.01917
0.01917
0.01917
0.01917
0.01917
0.01917
0.01917
0.01917
0.01917
0.01917
0.01917
0.01917
0.01917
0.01917
0.01917
0.01917
0.01916
0.01916
0.01916
0.01916
0.01916
0.01916
0.01916
0.01916
0.01916
0.01916
0.01916
0.01916
0.01916
0.01916
0.01916
0.01916
0.01916
0.01916
0.01916
0.01916
0.01916
0.01916
0.01916
0.01916
0.01916
0.01916
0.01916
0.01916
0.01916
0.01916
0.01916
0.01916
0.01916
0.01916
0.01916
0.01916
0.01916
0.01916
0.01916
0.01916
0.01916
0.01916
0.01916
0.01916
0.01916
0.01916
0.01916
0.01916
0.01916
0.01916
0.01916
0.01916
0.01916
0.01916
0.01916
0.01916
0.01916
0.01916
0.01916
0.01916
0.01916
0.01916
0.01916
0.01916
0.01916
0.01916
0.01916
0.01916
0.01916
0.01916
0.01916
0.01916
0.01916
0.01916
0.01916
0.01915
0.01915
0.01915
0.01915
0.01915
0.01915
0.01915
0.01915
0.01915
0.01915
0.01915
0.01915
0.01915
0.01915
0.01915
0.01915
0.01915
0.01915
0.01915
0.01915
0.01915
0.01915
0.01915
0.01915
0.01915
0.01915
0.01915
0.01915
0.01915
0.01915
0.01915
0.01915
0.01915
0.01915
0.01915
0.01915
0.01915
0.01915
0.01915
0.01915
0.01915
0.01915
0.01915
0.01915
0.01915
0.01915
0.01915
0.01915
0.01915
0.01915
0.01915
0.01915
0.01915
0.01915
0.01915
0.01915
0.01914
0.01914
0.01914
0.01914
0.01914
0.01914
0.01914
0.01914
0.01914
0.01914
0.01914
0.01914
0.01914
0.01914
0.01914
0.01914
0.01914
0.01914
0.01914
0.01914
0.01914
0.01914
0.01914
0.01914
0.01914
0.01914
0.01914
0.01914
0.01914
0.01914
0.01914
0.01914
0.01914
0.01914
0.01914
0.01914
0.01914
0.01914
0.01913
0.01913
0.01913
0.01913
0.01913
0.01913
0.01913
0.01913
0.01913
0.01913
0.01913
0.01913
0.01913
0.01913
0.01913
0.01913
0.01913
0.01913
0.01913
0.01913
0.01913
0.01913
0.01913
0.01913
0.01913
0.01913
0.01913
0.01913
0.01913
0.01912
0.01912
0.01912
0.01912
0.01912
0.01912
0.01912
0.01912
0.01912
0.01912
0.01912
0.01912
0.01912
0.01912
0.01912
0.01912
0.01912
0.01912
0.01912
0.01912
0.01912
0.01912
0.01912
0.01911
0.01911
0.01911
0.01911
0.01911
0.01911
0.01911
0.01911
0.01911
0.01911
0.01911
0.01911
0.01911
0.01911
0.01911
0.01911
0.01911
0.01911
0.01911
0.01910
0.01910
0.01910
0.01910
0.01910
0.01910
0.01910
0.01910
0.01910
0.01910
0.01910
0.01910
0.01910
0.01910
0.01910
0.01910
0.01909
0.01909
0.01909
0.01909
0.01909
0.01909
0.01909
0.01909
0.01909
0.01909
0.01909
0.01909
0.01909
0.01909
0.01908
0.01908
0.01908
0.01908
0.01908
0.01908
0.01908
0.01908
0.01908
0.01908
0.01908
0.01908
0.01908
0.01907
0.01907
0.01907
0.01907
0.01907
0.01907
0.01907
0.01907
0.01907
0.01907
0.01907
0.01906
0.01906
0.01906
0.01906
0.01906
0.01906
0.01906
0.01906
0.01906
0.01906
0.01905
0.01905
0.01905
0.01905
0.01905
0.01905
0.01905
0.01905
0.01905
0.01904
0.01904
0.01904
0.01904
0.01904
0.01904
0.01904
0.01904
0.01904
0.01903
0.01903
0.01903
0.01903
0.01903
0.01903
0.01903
0.01903
0.01902
0.01902
0.01902
0.01902
0.01902
0.01902
0.01902
0.01902
0.01901
0.01901
0.01901
0.01901
0.01901
0.01901
0.01901
0.01900
0.01900
0.01900
0.01900
0.01900
0.01900
0.01900
0.01899
0.01899
0.01899
0.01899
0.01899
0.01899
0.01899
0.01898
0.01898
0.01898
0.01898
0.01898
0.01898
0.01897
0.01897
0.01897
0.01897
0.01897
0.01897
0.01897
0.01896
0.01896
0.01896
0.01896
0.01896
0.01896
0.01895
0.01895
0.01895
0.01895
0.01895
0.01895
0.01894
0.01894
0.01894
0.01894
0.01894
0.01893
0.01893
0.01893
0.01893
0.01893
0.01893
0.01892
0.01892
0.01892
0.01892
0.01892
0.01892
0.01891
0.01891
0.01891
0.01891
0.01891
0.01890
0.01890
0.01890
0.01890
0.01890
0.01889
0.01889
0.01889
0.01889
0.01889
0.01888
0.01888
0.01888
0.01888
0.01888
0.01888
0.01887
0.01887
0.01887
0.01887
0.01887
0.01886
0.01886
0.01886
0.01886
0.01886
0.01885
0.01885
0.01885
0.01885
0.01885
0.01884
0.01884
0.01884
0.01884
0.01884
0.01883
0.01883
0.01883
0.01883
0.01882
0.01882
0.01882
0.01882
0.01882
0.01881
0.01881
0.01881
0.01881
0.01881
0.01880
0.01880
0.01880
0.01880
0.01880
0.01879
0.01879
0.01879
0.01879
0.01878
0.01878
0.01878
0.01878
0.01878
0.01877
0.01877
0.01877
0.01877
0.01877
0.01876
0.01876
0.01876
0.01876
0.01875
0.01875
0.01875
0.01875
0.01875
0.01874
0.01874
0.01874
0.01874
0.01874
0.01873
0.01873
0.01873
0.01873
0.01872
0.01872
0.01872
0.01872
0.01872
0.01871
0.01871
0.01871
0.01871
0.01870
0.01870
0.01870
0.01870
0.01870
0.01869
0.01869
0.01869
0.01869
0.01868
0.01868
0.01868
0.01868
0.01867
0.01867
0.01867
0.01867
0.01867
0.01866
0.01866
0.01866
0.01866
0.01865
0.01865
0.01865
0.01865
0.01865
0.01864
0.01864
0.01864
0.01864
0.01863
0.01863
0.01863
0.01863
0.01862
0.01862
0.01862
0.01862
0.01862
0.01861
0.01861
0.01861
0.01861
0.01860
0.01860
0.01860
0.01860
0.01859
0.01859
0.01859
0.01859
0.01859
0.01858
0.01858
0.01858
0.01858
0.01857
0.01857
0.01857
0.01857
0.01856
0.01856
0.01856
0.01856
0.01856
0.01855
0.01855
0.01855
0.01855
0.01854
0.01854
0.01854
0.01854
0.01853
0.01853
0.01853
0.01853
0.01852
0.01852
0.01852
0.01852
0.01852
0.01851
0.01851
0.01851
0.01851
0.01850
0.01850
0.01850
0.01850
0.01849
0.01849
0.01849
0.01849
0.01848
0.01848
0.01848
0.01848
0.01848
0.01847
0.01847
0.01847
0.01847
0.01846
0.01846
0.01846
0.01846
0.01845
0.01845
0.01845
0.01845
0.01844
0.01844
0.01844
0.01844
0.01844
0.01843
0.01843
0.01843
0.01843
0.01842
0.01842
0.01842
0.01842
0.01841
0.01841
0.01841
0.01841
0.01840
0.01840
0.01840
0.01840
0.01839
0.01839
0.01839
0.01839
0.01838
0.01838
0.01838
0.01838
0.01838
0.01837
0.01837
0.01837
0.01837
0.01836
0.01836
0.01836
0.01836
0.01835
0.01835
0.01835
0.01835
0.01834
0.01834
0.01834
0.01834
0.01833
0.01833
0.01833
0.01833
0.01832
0.01832
0.01832
0.01832
0.01831
0.01831
0.01831
0.01831
0.01831
0.01830
0.01830
0.01830
0.01830
0.01829
0.01829
0.01829
0.01829
0.01828
0.01828
0.01828
0.01828
0.01827
0.01827
0.01827
0.01827
0.01826
0.01826
0.01826
0.01826
0.01825
0.01825
0.01825
0.01825
0.01824
0.01824
0.01824
0.01824
0.01823
0.01823
0.01823
0.01823
0.01822
0.01822
0.01822
0.01822
0.01822
0.01821
0.01821
0.01821
0.01821
0.01820
0.01820
0.01820
0.01820
0.01819
0.01819
0.01819
0.01819
0.01818
0.01818
0.01818
0.01818
0.01817
0.01817
0.01817
0.01817
0.01816
0.01816
0.01816
0.01816
0.01815
0.01815
0.01815
0.01815
0.01814
0.01814
0.01814
0.01814
0.01813
0.01813
0.01813
0.01813
0.01812
0.01812
0.01812
0.01812
0.01811
0.01811
0.01811
0.01811
0.01810
0.01810
0.01810
0.01810
0.01809
0.01809
0.01809
0.01809
0.01808
0.01808
0.01808
0.01808
0.01808
0.01807
0.01807
0.01807
0.01807
0.01806
0.01806
0.01806
0.01806
0.01805
0.01805
0.01805
0.01805
0.01804
0.01804
0.01804
0.01804
0.01803
0.01803
0.01803
0.01803
0.01802
0.01802
0.01802
0.01802
0.01801
0.01801
0.01801
0.01801
0.01800
0.01800
0.01800
0.01800
0.01799
0.01799
0.01799
0.01799
0.01798
0.01798
0.01798
0.01798
0.01797
0.01797
0.01797
0.01797
0.01796
0.01796
0.01796
0.01796
0.01795
0.01795
0.01795
0.01795
0.01794
0.01794
0.01794
0.01794
0.01793
0.01793
0.01793
0.01793
0.01792
0.01792
0.01792
0.01792
0.01791
0.01791
0.01791
0.01791
0.01790
0.01790
0.01790
0.01790
0.01789
0.01789
0.01789
0.01789
0.01788
0.01788
0.01788
0.01788
0.01787
0.01787
0.01787
0.01787
0.01786
0.01786
0.01786
0.01786
0.01785
0.01785
0.01785
0.01785
0.01784
0.01784
0.01784
0.01784
0.01783
0.01783
0.01783
0.01783
0.01782
0.01782
0.01782
0.01782
0.01781
0.01781
0.01781
0.01781
0.01780
0.01780
0.01780
0.01780
0.01779
0.01779
0.01779
0.01779
0.01778
0.01778
0.01778
0.01778
0.01777
0.01777
0.01777
0.01777
0.01776
0.01776
0.01776
0.01776
0.01775
0.01775
0.01775
0.01775
0.01774
0.01774
0.01774
0.01774
0.01773
0.01773
0.01773
0.01773
0.01772
0.01772
0.01772
0.01772
0.01771
0.01771
0.01771
0.01771
0.01770
0.01770
0.01770
0.01770
0.01769
0.01769
0.01769
0.01769
0.01768
0.01768
0.01768
0.01768
0.01767
0.01767
0.01767
0.01767
0.01766
0.01766
0.01766
0.01766
0.01765
0.01765
0.01765
0.01765
0.01764
0.01764
0.01764
0.01764
0.01763
0.01763
0.01763
0.01763
0.01762
0.01762
0.01762
0.01762
0.01761
0.01761
0.01761
0.01761
0.01760
0.01760
0.01760
0.01760
0.01759
0.01759
0.01759
0.01759
0.01758
0.01758
0.01758
0.01758
0.01757
0.01757
0.01757
0.01757
0.01756
0.01756
0.01756
0.01756
0.01755
0.01755
0.01755
0.01755
0.01754
0.01754
0.01754
0.01754
0.01753
0.01753
0.01753
0.01753
0.01752
0.01752
0.01752
0.01752
0.01751
0.01751
0.01751
0.01751
0.01750
0.01750
0.01750
0.01750
0.01749
0.01749
0.01749
0.01748
0.01748
0.01748
0.01748
0.01747
0.01747
0.01747
0.01747
0.01746
0.01746
0.01746
0.01746
0.01745
0.01745
0.01745
0.01745
0.01744
0.01744
0.01744
0.01744
0.01743
0.01743
0.01743
0.01743
0.01742
0.01742
0.01742
0.01742
0.01741
0.01741
0.01741
0.01741
0.01740
0.01740
0.01740
0.01740
0.01739
0.01739
0.01739
0.01739
0.01738
0.01738
0.01738
0.01738
0.01737
0.01737
0.01737
0.01737
0.01736
0.01736
0.01736
0.01736
0.01735
0.01735
0.01735
0.01735
0.01734
0.01734
0.01734
0.01734
0.01733
0.01733
0.01733
0.01733
0.01732
0.01732
0.01732
0.01732
0.01731
0.01731
0.01731
0.01731
0.01730
0.01730
0.01730
0.01730
0.01729
0.01729
0.01729
0.01728
0.01728
0.01728
0.01728
0.01727
0.01727
0.01727
0.01727
0.01726
0.01726
0.01726
0.01726
0.01725
0.01725
0.01725
0.01725
0.01724
0.01724
0.01724
0.01724
0.01723
0.01723
0.01723
0.01723
0.01722
0.01722
0.01722
0.01722
0.01721
0.01721
0.01721
0.01721
0.01720
0.01720
0.01720
0.01720
0.01719
0.01719
0.01719
0.01719
0.01718
0.01718
0.01718
0.01718
0.01717
0.01717
0.01717
0.01717
0.01716
0.01716
0.01716
0.01716
0.01715
0.01715
0.01715
0.01715
0.01714
0.01714
0.01714
0.01713
0.01713
0.01713
0.01713
0.01712
0.01712
0.01712
0.01712
0.01711
0.01711
0.01711
0.01711
0.01710
0.01710
0.01710
0.01710
0.01709
0.01709
0.01709
0.01709
0.01708
0.01708
0.01708
0.01708
0.01707
0.01707
0.01707
0.01707
0.01706
0.01706
0.01706
0.01706
0.01705
0.01705
0.01705
0.01705
0.01704
0.01704
0.01704
0.01704
0.01703
0.01703
0.01703
0.01703
0.01702
0.01702
0.01702
0.01701
0.01701
0.01701
0.01701
0.01700
0.01700
0.01700
0.01700
0.01699
0.01699
0.01699
0.01699
0.01698
0.01698
0.01698
0.01698
0.01697
0.01697
0.01697
0.01697
0.01696
0.01696
0.01696
0.01696
0.01695
0.01695
0.01695
0.01695
0.01694
0.01694
0.01694
0.01694
0.01693
0.01693
0.01693
0.01692
0.01692
0.01692
0.01692
0.01691
0.01691
0.01691
0.01691
0.01690
0.01690
0.01690
0.01690
0.01689
0.01689
0.01689
0.01689
0.01688
0.01688
0.01688
0.01688
0.01687
0.01687
0.01687
0.01687
0.01686
0.01686
0.01686
0.01686
0.01685
0.01685
0.01685
0.01684
0.01684
0.01684
0.01684
0.01683
0.01683
0.01683
0.01683
0.01682
0.01682
0.01682
0.01682
0.01681
0.01681
0.01681
0.01681
0.01680
0.01680
0.01680
0.01679
0.01679
0.01679
0.01679
0.01678
0.01678
0.01678
0.01678
0.01677
0.01677
0.01677
0.01677
0.01676
0.01676
0.01676
0.01676
0.01675
0.01675
0.01675
0.01674
0.01674
0.01674
0.01674
0.01673
0.01673
0.01673
0.01673
0.01672
0.01672
0.01672
0.01672
0.01671
0.01671
0.01671
0.01670
0.01670
0.01670
0.01670
0.01669
0.01669
0.01669
0.01669
0.01668
0.01668
0.01668
0.01667
0.01667
0.01667
0.01667
0.01666
0.01666
0.01666
0.01666
0.01665
0.01665
0.01665
0.01664
0.01664
0.01664
0.01664
0.01663
0.01663
0.01663
0.01663
0.01662
0.01662
0.01662
0.01661
0.01661
0.01661
0.01661
0.01660
0.01660
0.01660
0.01659
0.01659
0.01659
0.01659
0.01658
0.01658
0.01658
0.01657
0.01657
0.01657
0.01657
0.01656
0.01656
0.01656
0.01655
0.01655
0.01655
0.01655
0.01654
0.01654
0.01654
0.01653
0.01653
0.01653
0.01652
0.01652
0.01652
0.01652
0.01651
0.01651
0.01651
0.01650
0.01650
0.01650
0.01649
0.01649
0.01649
0.01648
0.01648
0.01648
0.01647
0.01647
0.01647
0.01647
0.01646
0.01646
0.01646
0.01645
0.01645
0.01645
0.01644
0.01644
0.01644
0.01643
0.01643
0.01643
0.01642
0.01642
0.01642
0.01641
0.01641
0.01641
0.01640
0.01640
0.01639
0.01639
0.01639
0.01638
0.01638
0.01638
0.01637
0.01637
0.01637
0.01636
0.01636
0.01635
0.01635
0.01635
0.01634
0.01634
0.01634
0.01633
0.01633
0.01632
0.01632
0.01632
0.01631
0.01631
0.01630
0.01630
0.01630
0.01629
0.01629
0.01628
0.01628
0.01627
0.01627
0.01627
0.01626
0.01626
0.01625
0.01625
0.01624
0.01624
0.01623
0.01623
0.01622
0.01622
0.01621
0.01621
0.01620
0.01620
0.01619
0.01619
0.01618
0.01618
0.01617
0.01617
0.01616
0.01616
0.01615
0.01615
0.01614
0.01614
0.01613
0.01612
0.01612
0.01611
0.01611
0.01610
0.01609
0.01609
0.01608
0.01608
0.01607
0.01606
0.01606
0.01605
0.01604
0.01604
0.01603
0.01602
0.01602
0.01601
0.01600
0.01599
0.01599
0.01598
0.01597
0.01596
0.01596
0.01595
0.01594
0.01593
0.01592
0.01592
0.01591
0.01590
0.01589
0.01588
0.01587
0.01586
0.01585
0.01584
0.01584
0.01583
0.01582
0.01581
0.01580
0.01579
0.01578
0.01577
0.01575
0.01574
0.01573
0.01572
0.01571
0.01570
0.01569
0.01568
0.01566
0.01565
0.01564
0.01563
0.01561
0.01560
0.01559
0.01557
0.01556
0.01555
0.01553
0.01552
0.01550
0.01549
0.01547
0.01546
0.01544
0.01543
0.01541
0.01539
0.01538
0.01536
0.01534
0.01532
0.01531
0.01529
0.01527
0.01525
0.01523
0.01521
0.01519
0.01517
0.01515
0.01513
0.01511
0.01509
0.01507
0.01505
0.01502
0.01500
0.01498
0.01495
0.01493
0.01490
0.01488
0.01485
0.01483
0.01480
0.01478
0.01475
0.01472
0.01469
0.01466
0.01464
0.01461
0.01458
0.01455
0.01451
0.01448
0.01445
0.01442
0.01439
0.01435
0.01432
0.01428
0.01425
0.01421
0.01418
0.01414
0.01410
0.01406
0.01402
0.01398
0.01394
0.01390
0.01386
0.01382
0.01378
0.01373
0.01369
0.01365
0.01360
0.01355
0.01351
0.01346
0.01341
0.01336
0.01331
0.01326
0.01321
0.01316
0.01311
0.01306
0.01300
0.01295
0.01289
0.01283
0.01278
0.01272
0.01266
0.01260
0.01254
0.01248
0.01242
0.01235
0.01229
0.01223
0.01216
0.01209
0.01203
0.01196
0.01189
0.01182
0.01175
0.01168
0.01161
0.01153
0.01146
0.01138
0.01131
0.01123
0.01115
0.01108
0.01100
0.01092
0.01083
0.01075
0.01067
0.01058
0.01050
0.01041
0.01033
0.01024
0.01015
0.01006
0.00997
0.00988
0.00978
0.00969
0.00959
0.00950
0.00940
0.00930
0.00920
0.00911
0.00900
0.00890
0.00880
0.00870
0.00859
0.00849
0.00838
0.00827
0.00816
0.00805
0.00794
0.00783
0.00772
0.00761
0.00749
0.00738
0.00726
0.00714
0.00702
0.00691
0.00679
0.00666
0.00654
0.00642
0.00629
0.00617
0.00604
0.00592
0.00579
0.00566
0.00553
0.00540
0.00527
0.00513
0.00500
0.00486
0.00473
0.00459
0.00445
0.00432
0.00418
0.00404
0.00389
0.00375
0.00361
0.00346
0.00332
0.00317
0.00303
0.00288
0.00273
0.00258
0.00243
0.00228
0.00212
0.00197
0.00182
0.00166
0.00150
0.00135
0.00119
0.00103
0.00087
0.00071
0.00055
0.00039
0.00022
0.00006
-0.00010
-0.00027
-0.00044
-0.00060
-0.00077
-0.00094
-0.00111
-0.00128
-0.00145
-0.00163
-0.00180
-0.00197
-0.00215
-0.00232
-0.00250
-0.00268
-0.00285
-0.00303
-0.00321
-0.00339
-0.00357
-0.00376
-0.00394
-0.00412
-0.00431
-0.00449
-0.00468
-0.00486
-0.00505
-0.00524
-0.00543
-0.00562
-0.00581
-0.00600
-0.00619
-0.00638
-0.00657
-0.00677
-0.00696
-0.00716
-0.00735
-0.00755
-0.00775
-0.00794
-0.00814
-0.00834
-0.00854
-0.00874
-0.00894
-0.00914
-0.00935
-0.00955
-0.00975
-0.00996
-0.01016
-0.01037
-0.01058
-0.01078
-0.01099
-0.01120
-0.01141
-0.01162
-0.01183
-0.01204
-0.01225
-0.01246
-0.01267
-0.01289
-0.01310
-0.01331
-0.01353
-0.01374
-0.01396
-0.01418
-0.01439
-0.01461
-0.01483
-0.01505
-0.01527
-0.01549
-0.01571
-0.01593
-0.01615
-0.01637
-0.01659
-0.01682
-0.01704
-0.01726
-0.01749
-0.01771
-0.01794
-0.01816
-0.01839
-0.01862