0.01926
0.01926
0.01926
0.01926
0.01926
0.01926
0.01926
0.01926
0.01926
0.01926
0.01926
0.01926
0.01926
0.01926
0.01926
0.01926
0.01926
0.01926
0.01926
0.01926
0.01926
0.01926
0.01926
0.01926
0.01926
0.01926
0.01926
0.01926
0.01926
0.01926
0.01926
0.01926
0.01926
0.01926
0.01926
0.01926
0.01926
0.01926
0.01926
0.01926
0.01926
0.01926
0.01926
0.01926
0.01926
0.01926
0.01926
0.01926
0.01926
0.01926
0.01926
0.01926
0.01926
0.01926
0.01926
0.01926
0.01926
0.01926
0.01926
0.01926
0.01926
0.01926
0.01926
0.01926
0.01926
0.01926
0.01926
0.01926
0.01926
0.01926
0.01926
0.01926
0.01926
0.01926
0.01926
0.01926
0.01926
0.01926
0.01926
0.01926
0.01926
0.01925
0.01925
0.01925
0.01925
0.01925
0.01925
0.01925
0.01925
0.01925
0.01925
0.01925
0.01925
0.01925
0.01925
0.01925
0.01925
0.01925
0.01925
0.01925
0.01925
0.01925
0.01925
0.01925
0.01925
0.01925
0.01925
0.01925
0.01925
0.01925
0.01925
0.01925
0.01925
0.01925
0.01925
0.01925
0.01925
0.01925
0.01925
0.01925
0.01925
0.01925
0.01925
0.01925
0.01925
0.01925
0.01925
0.01925
0.01925
0.01925
0.01925
0.01925
0.01925
0.01925
0.01925
0.01925
0.01925
0.01925
0.01925
0.01925
0.01925
0.01925
0.01925
0.01925
0.01925
0.01925
0.01925
0.01925
0.01925
0.01925
0.01925
0.01925
0.01925
0.01925
0.01925
0.01925
0.01925
0.01925
0.01925
0.01925
0.01925
0.01925
0.01925
0.01925
0.01925
0.01925
0.01925
0.01925
0.01925
0.01925
0.01925
0.01925
0.01925
0.01925
0.01925
0.01925
0.01925
0.01925
0.01925
0.01925
0.01924
0.01924
0.01924
0.01924
0.01924
0.01924
0.01924
0.01924
0.01924
0.01924
0.01924
0.01924
0.01924
0.01924
0.01924
0.01924
0.01924
0.01924
0.01924
0.01924
0.01924
0.01924
0.01924
0.01924
0.01924
0.01924
0.01924
0.01924
0.01924
0.01924
0.01924
0.01924
0.01924
0.01924
0.01924
0.01924
0.01924
0.01924
0.01924
0.01924
0.01924
0.01924
0.01924
0.01924
0.01924
0.01924
0.01924
0.01924
0.01924
0.01924
0.01924
0.01924
0.01924
0.01924
0.01924
0.01924
0.01924
0.01924
0.01924
0.01924
0.01924
0.01924
0.01924
0.01924
0.01924
0.01924
0.01924
0.01924
0.01924
0.01924
0.01924
0.01924
0.01924
0.01924
0.01924
0.01924
0.01924
0.01924
0.01924
0.01924
0.01924
0.01924
0.01924
0.01924
0.01924
0.01924
0.01924
0.01924
0.01924
0.01924
0.01924
0.01924
0.01924
0.01924
0.01923
0.01923
0.01923
0.01923
0.01923
0.01923
0.01923
0.01923
0.01923
0.01923
0.01923
0.01923
0.01923
0.01923
0.01923
0.01923
0.01923
0.01923
0.01923
0.01923
0.01923
0.01923
0.01923
0.01923
0.01923
0.01923
0.01923
0.01923
0.01923
0.01923
0.01923
0.01923
0.01923
0.01923
0.01923
0.01923
0.01923
0.01923
0.01923
0.01923
0.01923
0.01923
0.01923
0.01923
0.01923
0.01923
0.01923
0.01923
0.01923
0.01923
0.01923
0.01923
0.01923
0.01923
0.01923
0.01923
0.01923
0.01923
0.01923
0.01923
0.01923
0.01923
0.01923
0.01923
0.01923
0.01923
0.01923
0.01923
0.01923
0.01923
0.01923
0.01923
0.01923
0.01923
0.01922
0.01922
0.01922
0.01922
0.01922
0.01922
0.01922
0.01922
0.01922
0.01922
0.01922
0.01922
0.01922
0.01922
0.01922
0.01922
0.01922
0.01922
0.01922
0.01922
0.01922
0.01922
0.01922
0.01922
0.01922
0.01922
0.01922
0.01922
0.01922
0.01922
0.01922
0.01922
0.01922
0.01922
0.01922
0.01922
0.01922
0.01922
0.01922
0.01922
0.01922
0.01922
0.01922
0.01922
0.01922
0.01922
0.01921
0.01921
0.01921
0.01921
0.01921
0.01921
0.01921
0.01921
0.01921
0.01921
0.01921
0.01921
0.01921
0.01921
0.01921
0.01921
0.01921
0.01921
0.01921
0.01921
0.01921
0.01921
0.01921
0.01921
0.01921
0.01921
0.01921
0.01921
0.01921
0.01921
0.01921
0.01921
0.01920
0.01920
0.01920
0.01920
0.01920
0.01920
0.01920
0.01920
0.01920
0.01920
0.01920
0.01920
0.01920
0.01920
0.01920
0.01920
0.01920
0.01920
0.01920
0.01920
0.01920
0.01920
0.01920
0.01919
0.01919
0.01919
0.01919
0.01919
0.01919
0.01919
0.01919
0.01919
0.01919
0.01919
0.01919
0.01919
0.01919
0.01919
0.01919
0.01919
0.01919
0.01918
0.01918
0.01918
0.01918
0.01918
0.01918
0.01918
0.01918
0.01918
0.01918
0.01918
0.01918
0.01918
0.01918
0.01918
0.01917
0.01917
0.01917
0.01917
0.01917
0.01917
0.01917
0.01917
0.01917
0.01917
0.01917
0.01917
0.01917
0.01916
0.01916
0.01916
0.01916
0.01916
0.01916
0.01916
0.01916
0.01916
0.01916
0.01916
0.01915
0.01915
0.01915
0.01915
0.01915
0.01915
0.01915
0.01915
0.01915
0.01915
0.01914
0.01914
0.01914
0.01914
0.01914
0.01914
0.01914
0.01914
0.01914
0.01913
0.01913
0.01913
0.01913
0.01913
0.01913
0.01913
0.01913
0.01912
0.01912
0.01912
0.01912
0.01912
0.01912
0.01912
0.01912
0.01911
0.01911
0.01911
0.01911
0.01911
0.01911
0.01911
0.01910
0.01910
0.01910
0.01910
0.01910
0.01910
0.01910
0.01909
0.01909
0.01909
0.01909
0.01909
0.01909
0.01909
0.01908
0.01908
0.01908
0.01908
0.01908
0.01908
0.01907
0.01907
0.01907
0.01907
0.01907
0.01907
0.01906
0.01906
0.01906
0.01906
0.01906
0.01906
0.01905
0.01905
0.01905
0.01905
0.01905
0.01905
0.01904
0.01904
0.01904
0.01904
0.01904
0.01904
0.01903
0.01903
0.01903
0.01903
0.01903
0.01902
0.01902
0.01902
0.01902
0.01902
0.01902
0.01901
0.01901
0.01901
0.01901
0.01901
0.01900
0.01900
0.01900
0.01900
0.01900
0.01899
0.01899
0.01899
0.01899
0.01899
0.01899
0.01898
0.01898
0.01898
0.01898
0.01898
0.01897
0.01897
0.01897
0.01897
0.01897
0.01896
0.01896
0.01896
0.01896
0.01896
0.01895
0.01895
0.01895
0.01895
0.01895
0.01894
0.01894
0.01894
0.01894
0.01894
0.01893
0.01893
0.01893
0.01893
0.01892
0.01892
0.01892
0.01892
0.01892
0.01891
0.01891
0.01891
0.01891
0.01891
0.01890
0.01890
0.01890
0.01890
0.01890
0.01889
0.01889
0.01889
0.01889
0.01888
0.01888
0.01888
0.01888
0.01888
0.01887
0.01887
0.01887
0.01887
0.01887
0.01886
0.01886
0.01886
0.01886
0.01885
0.01885
0.01885
0.01885
0.01885
0.01884
0.01884
0.01884
0.01884
0.01883
0.01883
0.01883
0.01883
0.01883
0.01882
0.01882
0.01882
0.01882
0.01881
0.01881
0.01881
0.01881
0.01881
0.01880
0.01880
0.01880
0.01880
0.01879
0.01879
0.01879
0.01879
0.01879
0.01878
0.01878
0.01878
0.01878
0.01877
0.01877
0.01877
0.01877
0.01877
0.01876
0.01876
0.01876
0.01876
0.01875
0.01875
0.01875
0.01875
0.01875
0.01874
0.01874
0.01874
0.01874
0.01873
0.01873
0.01873
0.01873
0.01872
0.01872
0.01872
0.01872
0.01872
0.01871
0.01871
0.01871
0.01871
0.01870
0.01870
0.01870
0.01870
0.01869
0.01869
0.01869
0.01869
0.01869
0.01868
0.01868
0.01868
0.01868
0.01867
0.01867
0.01867
0.01867
0.01866
0.01866
0.01866
0.01866
0.01866
0.01865
0.01865
0.01865
0.01865
0.01864
0.01864
0.01864
0.01864
0.01863
0.01863
0.01863
0.01863
0.01862
0.01862
0.01862
0.01862
0.01862
0.01861
0.01861
0.01861
0.01861
0.01860
0.01860
0.01860
0.01860
0.01859
0.01859
0.01859
0.01859
0.01858
0.01858
0.01858
0.01858
0.01858
0.01857
0.01857
0.01857
0.01857
0.01856
0.01856
0.01856
0.01856
0.01855
0.01855
0.01855
0.01855
0.01854
0.01854
0.01854
0.01854
0.01853
0.01853
0.01853
0.01853
0.01853
0.01852
0.01852
0.01852
0.01852
0.01851
0.01851
0.01851
0.01851
0.01850
0.01850
0.01850
0.01850
0.01849
0.01849
0.01849
0.01849
0.01848
0.01848
0.01848
0.01848
0.01848
0.01847
0.01847
0.01847
0.01847
0.01846
0.01846
0.01846
0.01846
0.01845
0.01845
0.01845
0.01845
0.01844
0.01844
0.01844
0.01844
0.01843
0.01843
0.01843
0.01843
0.01842
0.01842
0.01842
0.01842
0.01841
0.01841
0.01841
0.01841
0.01841
0.01840
0.01840
0.01840
0.01840
0.01839
0.01839
0.01839
0.01839
0.01838
0.01838
0.01838
0.01838
0.01837
0.01837
0.01837
0.01837
0.01836
0.01836
0.01836
0.01836
0.01835
0.01835
0.01835
0.01835
0.01834
0.01834
0.01834
0.01834
0.01833
0.01833
0.01833
0.01833
0.01832
0.01832
0.01832
0.01832
0.01832
0.01831
0.01831
0.01831
0.01831
0.01830
0.01830
0.01830
0.01830
0.01829
0.01829
0.01829
0.01829
0.01828
0.01828
0.01828
0.01828
0.01827
0.01827
0.01827
0.01827
0.01826
0.01826
0.01826
0.01826
0.01825
0.01825
0.01825
0.01825
0.01824
0.01824
0.01824
0.01824
0.01823
0.01823
0.01823
0.01823
0.01822
0.01822
0.01822
0.01822
0.01821
0.01821
0.01821
0.01821
0.01820
0.01820
0.01820
0.01820
0.01819
0.01819
0.01819
0.01819
0.01818
0.01818
0.01818
0.01818
0.01818
0.01817
0.01817
0.01817
0.01817
0.01816
0.01816
0.01816
0.01816
0.01815
0.01815
0.01815
0.01815
0.01814
0.01814
0.01814
0.01814
0.01813
0.01813
0.01813
0.01813
0.01812
0.01812
0.01812
0.01812
0.01811
0.01811
0.01811
0.01811
0.01810
0.01810
0.01810
0.01810
0.01809
0.01809
0.01809
0.01809
0.01808
0.01808
0.01808
0.01808
0.01807
0.01807
0.01807
0.01807
0.01806
0.01806
0.01806
0.01806
0.01805
0.01805
0.01805
0.01805
0.01804
0.01804
0.01804
0.01804
0.01803
0.01803
0.01803
0.01803
0.01802
0.01802
0.01802
0.01802
0.01801
0.01801
0.01801
0.01801
0.01800
0.01800
0.01800
0.01800
0.01799
0.01799
0.01799
0.01799
0.01798
0.01798
0.01798
0.01798
0.01797
0.01797
0.01797
0.01797
0.01796
0.01796
0.01796
0.01796
0.01795
0.01795
0.01795
0.01795
0.01794
0.01794
0.01794
0.01794
0.01793
0.01793
0.01793
0.01793
0.01792
0.01792
0.01792
0.01792
0.01791
0.01791
0.01791
0.01791
0.01790
0.01790
0.01790
0.01790
0.01789
0.01789
0.01789
0.01789
0.01788
0.01788
0.01788
0.01788
0.01787
0.01787
0.01787
0.01787
0.01786
0.01786
0.01786
0.01786
0.01785
0.01785
0.01785
0.01785
0.01784
0.01784
0.01784
0.01784
0.01783
0.01783
0.01783
0.01783
0.01782
0.01782
0.01782
0.01782
0.01781
0.01781
0.01781
0.01781
0.01780
0.01780
0.01780
0.01780
0.01779
0.01779
0.01779
0.01779
0.01778
0.01778
0.01778
0.01778
0.01777
0.01777
0.01777
0.01777
0.01776
0.01776
0.01776
0.01776
0.01775
0.01775
0.01775
0.01775
0.01774
0.01774
0.01774
0.01774
0.01773
0.01773
0.01773
0.01773
0.01772
0.01772
0.01772
0.01772
0.01771
0.01771
0.01771
0.01771
0.01770
0.01770
0.01770
0.01770
0.01769
0.01769
0.01769
0.01769
0.01768
0.01768
0.01768
0.01768
0.01767
0.01767
0.01767
0.01767
0.01766
0.01766
0.01766
0.01766
0.01765
0.01765
0.01765
0.01765
0.01764
0.01764
0.01764
0.01764
0.01763
0.01763
0.01763
0.01763
0.01762
0.01762
0.01762
0.01762
0.01761
0.01761
0.01761
0.01761
0.01760
0.01760
0.01760
0.01760
0.01759
0.01759
0.01759
0.01759
0.01758
0.01758
0.01758
0.01757
0.01757
0.01757
0.01757
0.01756
0.01756
0.01756
0.01756
0.01755
0.01755
0.01755
0.01755
0.01754
0.01754
0.01754
0.01754
0.01753
0.01753
0.01753
0.01753
0.01752
0.01752
0.01752
0.01752
0.01751
0.01751
0.01751
0.01751
0.01750
0.01750
0.01750
0.01750
0.01749
0.01749
0.01749
0.01749
0.01748
0.01748
0.01748
0.01748
0.01747
0.01747
0.01747
0.01747
0.01746
0.01746
0.01746
0.01746
0.01745
0.01745
0.01745
0.01745
0.01744
0.01744
0.01744
0.01744
0.01743
0.01743
0.01743
0.01743
0.01742
0.01742
0.01742
0.01742
0.01741
0.01741
0.01741
0.01741
0.01740
0.01740
0.01740
0.01740
0.01739
0.01739
0.01739
0.01738
0.01738
0.01738
0.01738
0.01737
0.01737
0.01737
0.01737
0.01736
0.01736
0.01736
0.01736
0.01735
0.01735
0.01735
0.01735
0.01734
0.01734
0.01734
0.01734
0.01733
0.01733
0.01733
0.01733
0.01732
0.01732
0.01732
0.01732
0.01731
0.01731
0.01731
0.01731
0.01730
0.01730
0.01730
0.01730
0.01729
0.01729
0.01729
0.01729
0.01728
0.01728
0.01728
0.01728
0.01727
0.01727
0.01727
0.01727
0.01726
0.01726
0.01726
0.01726
0.01725
0.01725
0.01725
0.01724
0.01724
0.01724
0.01724
0.01723
0.01723
0.01723
0.01723
0.01722
0.01722
0.01722
0.01722
0.01721
0.01721
0.01721
0.01721
0.01720
0.01720
0.01720
0.01720
0.01719
0.01719
0.01719
0.01719
0.01718
0.01718
0.01718
0.01718
0.01717
0.01717
0.01717
0.01717
0.01716
0.01716
0.01716
0.01716
0.01715
0.01715
0.01715
0.01714
0.01714
0.01714
0.01714
0.01713
0.01713
0.01713
0.01713
0.01712
0.01712
0.01712
0.01712
0.01711
0.01711
0.01711
0.01711
0.01710
0.01710
0.01710
0.01710
0.01709
0.01709
0.01709
0.01709
0.01708
0.01708
0.01708
0.01708
0.01707
0.01707
0.01707
0.01706
0.01706
0.01706
0.01706
0.01705
0.01705
0.01705
0.01705
0.01704
0.01704
0.01704
0.01704
0.01703
0.01703
0.01703
0.01703
0.01702
0.01702
0.01702
0.01702
0.01701
0.01701
0.01701
0.01700
0.01700
0.01700
0.01700
0.01699
0.01699
0.01699
0.01699
0.01698
0.01698
0.01698
0.01698
0.01697
0.01697
0.01697
0.01697
0.01696
0.01696
0.01696
0.01695
0.01695
0.01695
0.01695
0.01694
0.01694
0.01694
0.01694
0.01693
0.01693
0.01693
0.01693
0.01692
0.01692
0.01692
0.01691
0.01691
0.01691
0.01691
0.01690
0.01690
0.01690
0.01690
0.01689
0.01689
0.01689
0.01688
0.01688
0.01688
0.01688
0.01687
0.01687
0.01687
0.01687
0.01686
0.01686
0.01686
0.01685
0.01685
0.01685
0.01685
0.01684
0.01684
0.01684
0.01684
0.01683
0.01683
0.01683
0.01682
0.01682
0.01682
0.01682
0.01681
0.01681
0.01681
0.01680
0.01680
0.01680
0.01680
0.01679
0.01679
0.01679
0.01678
0.01678
0.01678
0.01678
0.01677
0.01677
0.01677
0.01676
0.01676
0.01676
0.01676
0.01675
0.01675
0.01675
0.01674
0.01674
0.01674
0.01673
0.01673
0.01673
0.01673
0.01672
0.01672
0.01672
0.01671
0.01671
0.01671
0.01670
0.01670
0.01670
0.01669
0.01669
0.01669
0.01669
0.01668
0.01668
0.01668
0.01667
0.01667
0.01667
0.01666
0.01666
0.01666
0.01665
0.01665
0.01665
0.01664
0.01664
0.01664
0.01663
0.01663
0.01663
0.01662
0.01662
0.01662
0.01661
0.01661
0.01661
0.01660
0.01660
0.01660
0.01659
0.01659
0.01658
0.01658
0.01658
0.01657
0.01657
0.01657
0.01656
0.01656
0.01656
0.01655
0.01655
0.01654
0.01654
0.01654
0.01653
0.01653
0.01652
0.01652
0.01652
0.01651
0.01651
0.01650
0.01650
0.01650
0.01649
0.01649
0.01648
0.01648
0.01648
0.01647
0.01647
0.01646
0.01646
0.01645
0.01645
0.01644
0.01644
0.01644
0.01643
0.01643
0.01642
0.01642
0.01641
0.01641
0.01640
0.01640
0.01639
0.01639
0.01638
0.01638
0.01637
0.01637
0.01636
0.01636
0.01635
0.01634
0.01634
0.01633
0.01633
0.01632
0.01632
0.01631
0.01631
0.01630
0.01629
0.01629
0.01628
0.01628
0.01627
0.01626
0.01626
0.01625
0.01624
0.01624
0.01623
0.01622
0.01622
0.01621
0.01620
0.01620
0.01619
0.01618
0.01617
0.01617
0.01616
0.01615
0.01614
0.01614
0.01613
0.01612
0.01611
0.01610
0.01609
0.01609
0.01608
0.01607
0.01606
0.01605
0.01604
0.01603
0.01602
0.01601
0.01600
0.01599
0.01598
0.01597
0.01596
0.01595
0.01594
0.01593
0.01592
0.01591
0.01590
0.01589
0.01588
0.01586
0.01585
0.01584
0.01583
0.01582
0.01580
0.01579
0.01578
0.01576
0.01575
0.01574
0.01572
0.01571
0.01570
0.01568
0.01567
0.01565
0.01564
0.01562
0.01560
0.01559
0.01557
0.01556
0.01554
0.01552
0.01550
0.01549
0.01547
0.01545
0.01543
0.01541
0.01539
0.01537
0.01535
0.01533
0.01531
0.01529
0.01527
0.01525
0.01523
0.01521
0.01518
0.01516
0.01514
0.01511
0.01509
0.01506
0.01504
0.01501
0.01499
0.01496
0.01493
0.01491
0.01488
0.01485
0.01482
0.01479
0.01476
0.01473
0.01470
0.01467
0.01464
0.01461
0.01458
0.01454
0.01451
0.01448
0.01444
0.01441
0.01437
0.01433
0.01430
0.01426
0.01422
0.01418
0.01414
0.01410
0.01406
0.01402
0.01398
0.01394
0.01389
0.01385
0.01380
0.01376
0.01371
0.01367
0.01362
0.01357
0.01352
0.01347
0.01342
0.01337
0.01332
0.01327
0.01322
0.01316
0.01311
0.01305
0.01300
0.01294
0.01288
0.01282
0.01276
0.01270
0.01264
0.01258
0.01252
0.01245
0.01239
0.01232
0.01226
0.01219
0.01212
0.01205
0.01199
0.01191
0.01184
0.01177
0.01170
0.01162
0.01155
0.01147
0.01140
0.01132
0.01124
0.01116
0.01108
0.01100
0.01092
0.01084
0.01075
0.01067
0.01058
0.01049
0.01041
0.01032
0.01023
0.01014
0.01005
0.00995
0.00986
0.00976
0.00967
0.00957
0.00948
0.00938
0.00928
0.00918
0.00908
0.00897
0.00887
0.00877
0.00866
0.00855
0.00845
0.00834
0.00823
0.00812
0.00801
0.00790
0.00778
0.00767
0.00755
0.00744
0.00732
0.00720
0.00708
0.00696
0.00684
0.00672
0.00660
0.00647
0.00635
0.00622
0.00609
0.00597
0.00584
0.00571
0.00558
0.00544
0.00531
0.00518
0.00504
0.00491
0.00477
0.00463
0.00449
0.00436
0.00421
0.00407
0.00393
0.00379
0.00364
0.00350
0.00335
0.00320
0.00306
0.00291
0.00276
0.00261
0.00246
0.00230
0.00215
0.00200
0.00184
0.00168
0.00153
0.00137
0.00121
0.00105
0.00089
0.00073
0.00057
0.00040
0.00024
0.00007
-0.00009
-0.00026
-0.00043
-0.00060
-0.00077
-0.00094
-0.00111
-0.00128
-0.00145
-0.00162
-0.00180
-0.00197
-0.00215
-0.00233
-0.00250
-0.00268
-0.00286
-0.00304
-0.00322
-0.00340
-0.00359
-0.00377
-0.00395
-0.00414
-0.00432
-0.00451
-0.00470
-0.00488
-0.00507
-0.00526
-0.00545
-0.00564
-0.00583
-0.00602
-0.00622
-0.00641
-0.00661
-0.00680
-0.00700
-0.00719
-0.00739
-0.00759
-0.00779
-0.00798
-0.00818
-0.00838
-0.00859
-0.00879
-0.00899
-0.00919
-0.00940
-0.00960
-0.00981
-0.01001
-0.01022
-0.01043
-0.01063
-0.01084
-0.01105
-0.01126
-0.01147
-0.01168
-0.01189
-0.01210
-0.01232
-0.01253
-0.01274
-0.01296
-0.01317
-0.01339
-0.01361
-0.01382
-0.01404
-0.01426
-0.01448
-0.01470
-0.01491
-0.01513
-0.01536
-0.01558
-0.01580
-0.01602
-0.01624
-0.01647
-0.01669
-0.01692
-0.01714
-0.01737
-0.01759
-0.01782
-0.01805
-0.01827
-0.01850
-0.01873