0.01929
0.01929
0.01929
0.01929
0.01929
0.01929
0.01929
0.01929
0.01929
0.01929
0.01929
0.01929
0.01929
0.01929
0.01929
0.01929
0.01929
0.01929
0.01929
0.01929
0.01929
0.01929
0.01929
0.01929
0.01929
0.01929
0.01929
0.01929
0.01929
0.01929
0.01929
0.01929
0.01929
0.01929
0.01929
0.01929
0.01929
0.01929
0.01929
0.01929
0.01929
0.01929
0.01929
0.01929
0.01929
0.01929
0.01929
0.01929
0.01929
0.01929
0.01929
0.01929
0.01929
0.01929
0.01929
0.01929
0.01929
0.01929
0.01929
0.01929
0.01929
0.01929
0.01929
0.01929
0.01929
0.01929
0.01929
0.01929
0.01929
0.01929
0.01929
0.01929
0.01929
0.01929
0.01929
0.01929
0.01929
0.01929
0.01929
0.01929
0.01929
0.01929
0.01929
0.01929
0.01929
0.01929
0.01929
0.01929
0.01929
0.01929
0.01929
0.01929
0.01929
0.01929
0.01929
0.01929
0.01929
0.01929
0.01929
0.01929
0.01929
0.01929
0.01929
0.01929
0.01929
0.01928
0.01928
0.01928
0.01928
0.01928
0.01928
0.01928
0.01928
0.01928
0.01928
0.01928
0.01928
0.01928
0.01928
0.01928
0.01928
0.01928
0.01928
0.01928
0.01928
0.01928
0.01928
0.01928
0.01928
0.01928
0.01928
0.01928
0.01928
0.01928
0.01928
0.01928
0.01928
0.01928
0.01928
0.01928
0.01928
0.01928
0.01928
0.01928
0.01928
0.01928
0.01928
0.01928
0.01928
0.01928
0.01928
0.01928
0.01928
0.01928
0.01928
0.01928
0.01928
0.01928
0.01928
0.01928
0.01928
0.01928
0.01928
0.01928
0.01928
0.01928
0.01928
0.01928
0.01928
0.01928
0.01928
0.01928
0.01928
0.01928
0.01928
0.01928
0.01928
0.01928
0.01928
0.01928
0.01928
0.01928
0.01928
0.01928
0.01928
0.01928
0.01928
0.01928
0.01928
0.01928
0.01928
0.01928
0.01928
0.01928
0.01928
0.01928
0.01928
0.01928
0.01928
0.01928
0.01928
0.01928
0.01928
0.01928
0.01928
0.01928
0.01928
0.01928
0.01928
0.01928
0.01928
0.01928
0.01928
0.01928
0.01928
0.01927
0.01927
0.01927
0.01927
0.01927
0.01927
0.01927
0.01927
0.01927
0.01927
0.01927
0.01927
0.01927
0.01927
0.01927
0.01927
0.01927
0.01927
0.01927
0.01927
0.01927
0.01927
0.01927
0.01927
0.01927
0.01927
0.01927
0.01927
0.01927
0.01927
0.01927
0.01927
0.01927
0.01927
0.01927
0.01927
0.01927
0.01927
0.01927
0.01927
0.01927
0.01927
0.01927
0.01927
0.01927
0.01927
0.01927
0.01927
0.01927
0.01927
0.01927
0.01927
0.01927
0.01927
0.01927
0.01927
0.01927
0.01927
0.01927
0.01927
0.01927
0.01927
0.01927
0.01927
0.01927
0.01927
0.01927
0.01927
0.01927
0.01927
0.01927
0.01927
0.01927
0.01927
0.01927
0.01927
0.01927
0.01927
0.01927
0.01927
0.01927
0.01927
0.01927
0.01927
0.01927
0.01927
0.01927
0.01927
0.01927
0.01927
0.01927
0.01927
0.01927
0.01927
0.01927
0.01927
0.01927
0.01927
0.01926
0.01926
0.01926
0.01926
0.01926
0.01926
0.01926
0.01926
0.01926
0.01926
0.01926
0.01926
0.01926
0.01926
0.01926
0.01926
0.01926
0.01926
0.01926
0.01926
0.01926
0.01926
0.01926
0.01926
0.01926
0.01926
0.01926
0.01926
0.01926
0.01926
0.01926
0.01926
0.01926
0.01926
0.01926
0.01926
0.01926
0.01926
0.01926
0.01926
0.01926
0.01926
0.01926
0.01926
0.01926
0.01926
0.01926
0.01926
0.01926
0.01926
0.01926
0.01926
0.01926
0.01926
0.01926
0.01926
0.01926
0.01926
0.01926
0.01926
0.01926
0.01926
0.01926
0.01926
0.01926
0.01926
0.01925
0.01925
0.01925
0.01925
0.01925
0.01925
0.01925
0.01925
0.01925
0.01925
0.01925
0.01925
0.01925
0.01925
0.01925
0.01925
0.01925
0.01925
0.01925
0.01925
0.01925
0.01925
0.01925
0.01925
0.01925
0.01925
0.01925
0.01925
0.01925
0.01925
0.01925
0.01925
0.01925
0.01925
0.01925
0.01925
0.01925
0.01924
0.01924
0.01924
0.01924
0.01924
0.01924
0.01924
0.01924
0.01924
0.01924
0.01924
0.01924
0.01924
0.01924
0.01924
0.01924
0.01924
0.01924
0.01924
0.01924
0.01924
0.01924
0.01924
0.01924
0.01923
0.01923
0.01923
0.01923
0.01923
0.01923
0.01923
0.01923
0.01923
0.01923
0.01923
0.01923
0.01923
0.01923
0.01923
0.01923
0.01923
0.01922
0.01922
0.01922
0.01922
0.01922
0.01922
0.01922
0.01922
0.01922
0.01922
0.01922
0.01922
0.01922
0.01922
0.01921
0.01921
0.01921
0.01921
0.01921
0.01921
0.01921
0.01921
0.01921
0.01921
0.01921
0.01920
0.01920
0.01920
0.01920
0.01920
0.01920
0.01920
0.01920
0.01920
0.01919
0.01919
0.01919
0.01919
0.01919
0.01919
0.01919
0.01919
0.01918
0.01918
0.01918
0.01918
0.01918
0.01918
0.01918
0.01918
0.01917
0.01917
0.01917
0.01917
0.01917
0.01917
0.01916
0.01916
0.01916
0.01916
0.01916
0.01916
0.01915
0.01915
0.01915
0.01915
0.01915
0.01915
0.01914
0.01914
0.01914
0.01914
0.01914
0.01913
0.01913
0.01913
0.01913
0.01913
0.01912
0.01912
0.01912
0.01912
0.01911
0.01911
0.01911
0.01911
0.01911
0.01910
0.01910
0.01910
0.01910
0.01909
0.01909
0.01909
0.01909
0.01908
0.01908
0.01908
0.01908
0.01907
0.01907
0.01907
0.01907
0.01906
0.01906
0.01906
0.01905
0.01905
0.01905
0.01905
0.01904
0.01904
0.01904
0.01904
0.01903
0.01903
0.01903
0.01902
0.01902
0.01902
0.01901
0.01901
0.01901
0.01901
0.01900
0.01900
0.01900
0.01899
0.01899
0.01899
0.01898
0.01898
0.01898
0.01897
0.01897
0.01897
0.01896
0.01896
0.01896
0.01895
0.01895
0.01895
0.01894
0.01894
0.01894
0.01893
0.01893
0.01893
0.01892
0.01892
0.01892
0.01891
0.01891
0.01891
0.01890
0.01890
0.01889
0.01889
0.01889
0.01888
0.01888
0.01888
0.01887
0.01887
0.01887
0.01886
0.01886
0.01885
0.01885
0.01885
0.01884
0.01884
0.01884
0.01883
0.01883
0.01882
0.01882
0.01882
0.01881
0.01881
0.01881
0.01880
0.01880
0.01879
0.01879
0.01879
0.01878
0.01878
0.01877
0.01877
0.01877
0.01876
0.01876
0.01876
0.01875
0.01875
0.01874
0.01874
0.01874
0.01873
0.01873
0.01872
0.01872
0.01872
0.01871
0.01871
0.01870
0.01870
0.01870
0.01869
0.01869
0.01868
0.01868
0.01868
0.01867
0.01867
0.01866
0.01866
0.01865
0.01865
0.01865
0.01864
0.01864
0.01863
0.01863
0.01863
0.01862
0.01862
0.01861
0.01861
0.01860
0.01860
0.01860
0.01859
0.01859
0.01858
0.01858
0.01858
0.01857
0.01857
0.01856
0.01856
0.01855
0.01855
0.01855
0.01854
0.01854
0.01853
0.01853
0.01852
0.01852
0.01852
0.01851
0.01851
0.01850
0.01850
0.01849
0.01849
0.01849
0.01848
0.01848
0.01847
0.01847
0.01846
0.01846
0.01846
0.01845
0.01845
0.01844
0.01844
0.01843
0.01843
0.01843
0.01842
0.01842
0.01841
0.01841
0.01840
0.01840
0.01840
0.01839
0.01839
0.01838
0.01838
0.01837
0.01837
0.01836
0.01836
0.01836
0.01835
0.01835
0.01834
0.01834
0.01833
0.01833
0.01832
0.01832
0.01832
0.01831
0.01831
0.01830
0.01830
0.01829
0.01829
0.01828
0.01828
0.01828
0.01827
0.01827
0.01826
0.01826
0.01825
0.01825
0.01824
0.01824
0.01824
0.01823
0.01823
0.01822
0.01822
0.01821
0.01821
0.01820
0.01820
0.01820
0.01819
0.01819
0.01818
0.01818
0.01817
0.01817
0.01816
0.01816
0.01815
0.01815
0.01815
0.01814
0.01814
0.01813
0.01813
0.01812
0.01812
0.01811
0.01811
0.01810
0.01810
0.01810
0.01809
0.01809
0.01808
0.01808
0.01807
0.01807
0.01806
0.01806
0.01805
0.01805
0.01805
0.01804
0.01804
0.01803
0.01803
0.01802
0.01802
0.01801
0.01801
0.01800
0.01800
0.01800
0.01799
0.01799
0.01798
0.01798
0.01797
0.01797
0.01796
0.01796
0.01795
0.01795
0.01794
0.01794
0.01794
0.01793
0.01793
0.01792
0.01792
0.01791
0.01791
0.01790
0.01790
0.01789
0.01789
0.01788
0.01788
0.01788
0.01787
0.01787
0.01786
0.01786
0.01785
0.01785
0.01784
0.01784
0.01783
0.01783
0.01782
0.01782
0.01782
0.01781
0.01781
0.01780
0.01780
0.01779
0.01779
0.01778
0.01778
0.01777
0.01777
0.01776
0.01776
0.01775
0.01775
0.01775
0.01774
0.01774
0.01773
0.01773
0.01772
0.01772
0.01771
0.01771
0.01770
0.01770
0.01769
0.01769
0.01768
0.01768
0.01768
0.01767
0.01767
0.01766
0.01766
0.01765
0.01765
0.01764
0.01764
0.01763
0.01763
0.01762
0.01762
0.01761
0.01761
0.01761
0.01760
0.01760
0.01759
0.01759
0.01758
0.01758
0.01757
0.01757
0.01756
0.01756
0.01755
0.01755
0.01754
0.01754
0.01753
0.01753
0.01753
0.01752
0.01752
0.01751
0.01751
0.01750
0.01750
0.01749
0.01749
0.01748
0.01748
0.01747
0.01747
0.01746
0.01746
0.01745
0.01745
0.01744
0.01744
0.01744
0.01743
0.01743
0.01742
0.01742
0.01741
0.01741
0.01740
0.01740
0.01739
0.01739
0.01738
0.01738
0.01737
0.01737
0.01736
0.01736
0.01735
0.01735
0.01735
0.01734
0.01734
0.01733
0.01733
0.01732
0.01732
0.01731
0.01731
0.01730
0.01730
0.01729
0.01729
0.01728
0.01728
0.01727
0.01727
0.01726
0.01726
0.01726
0.01725
0.01725
0.01724
0.01724
0.01723
0.01723
0.01722
0.01722
0.01721
0.01721
0.01720
0.01720
0.01719
0.01719
0.01718
0.01718
0.01717
0.01717
0.01716
0.01716
0.01715
0.01715
0.01715
0.01714
0.01714
0.01713
0.01713
0.01712
0.01712
0.01711
0.01711
0.01710
0.01710
0.01709
0.01709
0.01708
0.01708
0.01707
0.01707
0.01706
0.01706
0.01705
0.01705
0.01704
0.01704
0.01704
0.01703
0.01703
0.01702
0.01702
0.01701
0.01701
0.01700
0.01700
0.01699
0.01699
0.01698
0.01698
0.01697
0.01697
0.01696
0.01696
0.01695
0.01695
0.01694
0.01694
0.01693
0.01693
0.01693
0.01692
0.01692
0.01691
0.01691
0.01690
0.01690
0.01689
0.01689
0.01688
0.01688
0.01687
0.01687
0.01686
0.01686
0.01685
0.01685
0.01684
0.01684
0.01683
0.01683
0.01682
0.01682
0.01681
0.01681
0.01680
0.01680
0.01680
0.01679
0.01679
0.01678
0.01678
0.01677
0.01677
0.01676
0.01676
0.01675
0.01675
0.01674
0.01674
0.01673
0.01673
0.01672
0.01672
0.01671
0.01671
0.01670
0.01670
0.01669
0.01669
0.01668
0.01668
0.01667
0.01667
0.01666
0.01666
0.01666
0.01665
0.01665
0.01664
0.01664
0.01663
0.01663
0.01662
0.01662
0.01661
0.01661
0.01660
0.01660
0.01659
0.01659
0.01658
0.01658
0.01657
0.01657
0.01656
0.01656
0.01655
0.01655
0.01654
0.01654
0.01653
0.01653
0.01652
0.01652
0.01651
0.01651
0.01651
0.01650
0.01650
0.01649
0.01649
0.01648
0.01648
0.01647
0.01647
0.01646
0.01646
0.01645
0.01645
0.01644
0.01644
0.01643
0.01643
0.01642
0.01642
0.01641
0.01641
0.01640
0.01640
0.01639
0.01639
0.01638
0.01638
0.01637
0.01637
0.01636
0.01636
0.01635
0.01635
0.01635
0.01634
0.01634
0.01633
0.01633
0.01632
0.01632
0.01631
0.01631
0.01630
0.01630
0.01629
0.01629
0.01628
0.01628
0.01627
0.01627
0.01626
0.01626
0.01625
0.01625
0.01624
0.01624
0.01623
0.01623
0.01622
0.01622
0.01621
0.01621
0.01620
0.01620
0.01619
0.01619
0.01618
0.01618
0.01617
0.01617
0.01617
0.01616
0.01616
0.01615
0.01615
0.01614
0.01614
0.01613
0.01613
0.01612
0.01612
0.01611
0.01611
0.01610
0.01610
0.01609
0.01609
0.01608
0.01608
0.01607
0.01607
0.01606
0.01606
0.01605
0.01605
0.01604
0.01604
0.01603
0.01603
0.01602
0.01602
0.01601
0.01601
0.01600
0.01600
0.01599
0.01599
0.01598
0.01598
0.01598
0.01597
0.01597
0.01596
0.01596
0.01595
0.01595
0.01594
0.01594
0.01593
0.01593
0.01592
0.01592
0.01591
0.01591
0.01590
0.01590
0.01589
0.01589
0.01588
0.01588
0.01587
0.01587
0.01586
0.01586
0.01585
0.01585
0.01584
0.01584
0.01583
0.01583
0.01582
0.01582
0.01581
0.01581
0.01580
0.01580
0.01579
0.01579
0.01578
0.01578
0.01577
0.01577
0.01576
0.01576
0.01576
0.01575
0.01575
0.01574
0.01574
0.01573
0.01573
0.01572
0.01572
0.01571
0.01571
0.01570
0.01570
0.01569
0.01569
0.01568
0.01568
0.01567
0.01567
0.01566
0.01566
0.01565
0.01565
0.01564
0.01564
0.01563
0.01563
0.01562
0.01562
0.01561
0.01561
0.01560
0.01560
0.01559
0.01559
0.01558
0.01558
0.01557
0.01557
0.01556
0.01556
0.01555
0.01555
0.01554
0.01554
0.01553
0.01553
0.01552
0.01552
0.01551
0.01551
0.01550
0.01550
0.01550
0.01549
0.01549
0.01548
0.01548
0.01547
0.01547
0.01546
0.01546
0.01545
0.01545
0.01544
0.01544
0.01543
0.01543
0.01542
0.01542
0.01541
0.01541
0.01540
0.01540
0.01539
0.01539
0.01538
0.01538
0.01537
0.01537
0.01536
0.01536
0.01535
0.01535
0.01534
0.01534
0.01533
0.01533
0.01532
0.01532
0.01531
0.01531
0.01530
0.01530
0.01529
0.01529
0.01528
0.01528
0.01527
0.01527
0.01526
0.01526
0.01525
0.01525
0.01524
0.01524
0.01523
0.01523
0.01522
0.01522
0.01521
0.01521
0.01520
0.01520
0.01519
0.01519
0.01518
0.01518
0.01517
0.01517
0.01516
0.01516
0.01515
0.01515
0.01514
0.01514
0.01514
0.01513
0.01513
0.01512
0.01512
0.01511
0.01511
0.01510
0.01510
0.01509
0.01509
0.01508
0.01508
0.01507
0.01507
0.01506
0.01506
0.01505
0.01505
0.01504
0.01504
0.01503
0.01503
0.01502
0.01502
0.01501
0.01501
0.01500
0.01500
0.01499
0.01499
0.01498
0.01498
0.01497
0.01497
0.01496
0.01496
0.01495
0.01495
0.01494
0.01494
0.01493
0.01493
0.01492
0.01492
0.01491
0.01491
0.01490
0.01490
0.01489
0.01489
0.01488
0.01488
0.01487
0.01487
0.01486
0.01486
0.01485
0.01485
0.01484
0.01484
0.01483
0.01483
0.01482
0.01482
0.01481
0.01481
0.01480
0.01480
0.01479
0.01479
0.01478
0.01478
0.01477
0.01476
0.01476
0.01475
0.01475
0.01474
0.01474
0.01473
0.01473
0.01472
0.01472
0.01471
0.01471
0.01470
0.01470
0.01469
0.01469
0.01468
0.01468
0.01467
0.01467
0.01466
0.01466
0.01465
0.01465
0.01464
0.01464
0.01463
0.01463
0.01462
0.01462
0.01461
0.01461
0.01460
0.01460
0.01459
0.01459
0.01458
0.01457
0.01457
0.01456
0.01456
0.01455
0.01455
0.01454
0.01454
0.01453
0.01453
0.01452
0.01452
0.01451
0.01451
0.01450
0.01450
0.01449
0.01449
0.01448
0.01447
0.01447
0.01446
0.01446
0.01445
0.01445
0.01444
0.01444
0.01443
0.01443
0.01442
0.01442
0.01441
0.01440
0.01440
0.01439
0.01439
0.01438
0.01438
0.01437
0.01437
0.01436
0.01436
0.01435
0.01434
0.01434
0.01433
0.01433
0.01432
0.01432
0.01431
0.01430
0.01430
0.01429
0.01429
0.01428
0.01428
0.01427
0.01426
0.01426
0.01425
0.01425
0.01424
0.01424
0.01423
0.01422
0.01422
0.01421
0.01421
0.01420
0.01419
0.01419
0.01418
0.01418
0.01417
0.01416
0.01416
0.01415
0.01415
0.01414
0.01413
0.01413
0.01412
0.01412
0.01411
0.01410
0.01410
0.01409
0.01408
0.01408
0.01407
0.01406
0.01406
0.01405
0.01404
0.01404
0.01403
0.01402
0.01402
0.01401
0.01400
0.01400
0.01399
0.01398
0.01398
0.01397
0.01396
0.01396
0.01395
0.01394
0.01393
0.01393
0.01392
0.01391
0.01391
0.01390
0.01389
0.01388
0.01388
0.01387
0.01386
0.01385
0.01384
0.01384
0.01383
0.01382
0.01381
0.01380
0.01380
0.01379
0.01378
0.01377
0.01376
0.01375
0.01375
0.01374
0.01373
0.01372
0.01371
0.01370
0.01369
0.01368
0.01367
0.01366
0.01366
0.01365
0.01364
0.01363
0.01362
0.01361
0.01360
0.01359
0.01358
0.01357
0.01356
0.01354
0.01353
0.01352
0.01351
0.01350
0.01349
0.01348
0.01347
0.01345
0.01344
0.01343
0.01342
0.01341
0.01339
0.01338
0.01337
0.01336
0.01334
0.01333
0.01332
0.01330
0.01329
0.01327
0.01326
0.01325
0.01323
0.01322
0.01320
0.01319
0.01317
0.01315
0.01314
0.01312
0.01311
0.01309
0.01307
0.01306
0.01304
0.01302
0.01300
0.01298
0.01296
0.01295
0.01293
0.01291
0.01289
0.01287
0.01285
0.01283
0.01281
0.01278
0.01276
0.01274
0.01272
0.01269
0.01267
0.01265
0.01262
0.01260
0.01257
0.01255
0.01252
0.01250
0.01247
0.01244
0.01242
0.01239
0.01236
0.01233
0.01230
0.01227
0.01224
0.01221
0.01218
0.01215
0.01211
0.01208
0.01205
0.01201
0.01198
0.01194
0.01191
0.01187
0.01184
0.01180
0.01176
0.01172
0.01168
0.01164
0.01160
0.01156
0.01152
0.01147
0.01143
0.01139
0.01134
0.01130
0.01125
0.01120
0.01116
0.01111
0.01106
0.01101
0.01096
0.01091
0.01085
0.01080
0.01075
0.01069
0.01064
0.01058
0.01052
0.01047
0.01041
0.01035
0.01029
0.01023
0.01016
0.01010
0.01004
0.00997
0.00991
0.00984
0.00977
0.00970
0.00963
0.00956
0.00949
0.00942
0.00935
0.00927
0.00920
0.00912
0.00905
0.00897
0.00889
0.00881
0.00873
0.00865
0.00856
0.00848
0.00840
0.00831
0.00822
0.00814
0.00805
0.00796
0.00787
0.00778
0.00768
0.00759
0.00749
0.00740
0.00730
0.00720
0.00711
0.00701
0.00691
0.00680
0.00670
0.00660
0.00649
0.00639
0.00628
0.00617
0.00606
0.00595
0.00584
0.00573
0.00562
0.00550
0.00539
0.00527
0.00515
0.00503
0.00491
0.00479
0.00467
0.00455
0.00443
0.00430
0.00418
0.00405
0.00392
0.00380
0.00367
0.00354
0.00340
0.00327
0.00314
0.00300
0.00287
0.00273
0.00260
0.00246
0.00232
0.00218
0.00204
0.00189
0.00175
0.00161
0.00146
0.00132
0.00117
0.00102
0.00087
0.00072
0.00057
0.00042
0.00027
0.00011
-0.00004
-0.00020
-0.00035
-0.00051
-0.00067
-0.00083
-0.00099
-0.00115
-0.00131
-0.00147
-0.00164
-0.00180
-0.00197
-0.00213
-0.00230
-0.00247
-0.00264
-0.00281
-0.00298
-0.00315
-0.00332
-0.00349
-0.00367
-0.00384
-0.00402
-0.00419
-0.00437
-0.00455
-0.00473
-0.00491
-0.00509
-0.00527
-0.00545
-0.00563
-0.00582
-0.00600
-0.00619
-0.00637
-0.00656
-0.00675
-0.00693
-0.00712
-0.00731
-0.00750
-0.00769
-0.00789
-0.00808
-0.00827
-0.00847
-0.00866
-0.00886
-0.00905
-0.00925
-0.00945
-0.00964
-0.00984
-0.01004
-0.01024
-0.01044
-0.01065
-0.01085
-0.01105
-0.01125
-0.01146
-0.01166
-0.01187
-0.01207
-0.01228
-0.01249
-0.01270
-0.01291
-0.01312
-0.01333
-0.01354
-0.01375
-0.01396
-0.01417
-0.01438
-0.01460
-0.01481
-0.01503
-0.01524
-0.01546
-0.01568
-0.01589
-0.01611
-0.01633
-0.01655
-0.01677
-0.01699
-0.01721
-0.01743
-0.01765
-0.01787
-0.01810
-0.01832
-0.01854
-0.01877
-0.01899
-0.01922
-0.01944
-0.01967
-0.01990
-0.02012
-0.02035
-0.02058